8
0.0 50.0 0
25.0 -25.0 0
0.0 -50.0 0
-25.0 -25.0 0
-50.0 0.0 0
-25.0 25.0 0
50.0 0.0 0
25.0 25.0 0
0.0 49.9945438967 0
24.9977674629 -24.9977674629 0
-5.42101086243e-020 -49.9945438967 0
-24.9977674629 -24.9977674629 0
-49.9945438967 -1.08420217249e-019 0
-24.9977674629 24.9977674629 0
49.9945438967 -2.16840434497e-019 0
24.9977674629 24.9977674629 0
0.0 49.9781744787 0
24.9910693699 -24.9910693699 0
-1.89735380185e-019 -49.9781744787 0
-24.9910693699 -24.9910693699 0
-49.9781744787 -2.98155597434e-019 0
-24.9910693699 24.9910693699 0
49.9781744787 -6.50521303491e-019 0
24.9910693699 24.9910693699 0
-2.16840434497e-019 49.9508873119 0
24.9799037927 -24.9799037927 0
-4.06575814682e-019 -49.9508873119 0
-24.9799037927 -24.9799037927 0
-49.9508873119 -4.06575814682e-019 0
-24.9799037927 24.9799037927 0
49.9508873119 -8.67361737988e-019 0
24.9799037927 24.9799037927 0
-6.50521303491e-019 49.9126735191 0
24.9642668707 -24.9642668707 0
-7.04731412116e-019 -49.9126735191 0
-24.9642668707 -24.9642668707 0
-49.9126735191 -4.33680868994e-019 0
-24.9642668707 24.9642668707 0
49.9126735191 -8.67361737988e-019 0
24.9642668707 24.9642668707 0
-1.08420217249e-018 49.8635197609 0
24.9441528019 -24.9441528019 0
-1.00288700955e-018 -49.8635197609 0
-24.9441528019 -24.9441528019 0
-49.8635197609 -4.60785923306e-019 0
-24.9441528019 24.9441528019 0
49.8635197609 -8.67361737988e-019 0
24.9441528019 24.9441528019 0
-1.51788304148e-018 49.8034082072 0
24.9195538292 -24.9195538292 0
-1.21972744405e-018 -49.8034082072 0
-24.9195538292 -24.9195538292 0
-49.8034082072 -4.06575814682e-019 0
-24.9195538292 24.9195538292 0
49.8034082072 -8.67361737988e-019 0
24.9195538292 24.9195538292 0
-1.95156391047e-018 49.7323164984 0
24.8904602221 -24.8904602221 0
-1.38235776992e-018 -49.7323164984 0
-24.8904602221 -24.8904602221 0
-49.7323164984 -3.52365706058e-019 0
-24.8904602221 24.8904602221 0
49.7323164984 -1.08420217249e-018 0
24.8904602221 24.8904602221 0
-2.60208521397e-018 49.6502176962 0
24.8568602536 -24.8568602536 0
-1.5720931501e-018 -49.6502176962 0
-24.8568602536 -24.8568602536 0
-49.6502176962 -4.87890977618e-019 0
-24.8568602536 24.8568602536 0
49.6502176962 -1.51788304148e-018 0
24.8568602536 24.8568602536 0
-3.25260651746e-018 49.5570802237 0
24.8187401717 -24.8187401717 0
-1.76182853029e-018 -49.5570802237 0
-24.8187401717 -24.8187401717 0
-49.5570802237 -6.23416249179e-019 0
-24.8187401717 24.8187401717 0
49.5570802237 -1.95156391047e-018 0
24.8187401717 24.8187401717 0
-3.68628738645e-018 49.4528677951 0
24.7760841659 -24.7760841659 0
-1.95156391047e-018 -49.4528677951 0
-24.7760841659 -24.7760841659 0
-49.4528677951 -6.50521303491e-019 0
-24.7760841659 24.7760841659 0
49.4528677951 -2.38524477947e-018 0
24.7760841659 24.7760841659 0
-4.33680868994e-018 49.3375393333 0
24.7288743284 -24.7288743284 0
-2.19550939928e-018 -49.3375393333 0
-24.7288743284 -24.7288743284 0
-49.3375393333 -6.23416249179e-019 0
-24.7288743284 24.7288743284 0
49.3375393333 -2.81892564846e-018 0
24.7288743284 24.7288743284 0
-5.42101086243e-018 49.2110488767 0
24.6770906096 -24.6770906096 0
-2.49366499672e-018 -49.2110488767 0
-24.6770906096 -24.6770906096 0
-49.2110488767 -5.42101086243e-019 0
-24.6770906096 24.6770906096 0
49.2110488767 -3.25260651746e-018 0
24.6770906096 24.6770906096 0
-6.50521303491e-018 49.0733454728 0
24.6207107677 -24.6207107677 0
-2.76471553984e-018 -49.0733454728 0
-24.6207107677 -24.6207107677 0
-49.0733454728 -4.87890977618e-019 0
-24.6207107677 24.6207107677 0
49.0733454728 -3.90312782095e-018 0
24.6207107677 24.6207107677 0
-7.1557343384e-018 48.9243730599 0
24.5597103119 -24.5597103119 0
-3.00866102865e-018 -48.9243730599 0
-24.5597103119 -24.5597103119 0
-48.9243730599 -5.69206140555e-019 0
-24.5597103119 24.5597103119 0
48.9243730599 -4.77048955894e-018 0
24.5597103119 24.5597103119 0
-7.8062556419e-018 48.7640703346 0
24.4940624394 -24.4940624394 0
-3.30681662608e-018 -48.7640703346 0
-24.4940624394 -24.4940624394 0
-48.7640703346 -8.13151629364e-019 0
-24.4940624394 24.4940624394 0
48.7640703346 -5.63785129692e-018 0
24.4940624394 24.4940624394 0
-8.45677694539e-018 48.5923706047 0
24.4237379652 -24.4237379652 0
-3.65918233214e-018 -48.5923706047 0
-24.4237379652 -24.4237379652 0
-48.5923706047 -1.16551733542e-018 0
-24.4237379652 24.4237379652 0
48.5923706047 -6.72205346941e-018 0
24.4237379652 24.4237379652 0
-8.67361737988e-018 48.4092016281 0
24.3487052443 -24.3487052443 0
-4.03865309251e-018 -48.4092016281 0
-24.3487052443 -24.3487052443 0
-48.4092016281 -1.65340831304e-018 0
-24.3487052443 24.3487052443 0
48.4092016281 -8.02309607639e-018 0
24.3487052443 24.3487052443 0
-8.45677694539e-018 48.2144854344 0
24.2689300863 -24.2689300863 0
-4.41812385288e-018 -48.2144854344 0
-24.2689300863 -24.2689300863 0
-48.2144854344 -2.30392961653e-018 0
-24.2689300863 24.2689300863 0
48.2144854344 -9.32413868338e-018 0
24.2689300863 24.2689300863 0
-7.8062556419e-018 48.0081381296 0
24.1843756611 -24.1843756611 0
-4.79759461325e-018 -48.0081381296 0
-24.1843756611 -24.1843756611 0
-48.0081381296 -3.06287113727e-018 0
-24.1843756611 24.1843756611 0
48.0081381296 -1.06251812904e-017 0
24.1843756611 24.1843756611 0
-6.93889390391e-018 47.7900696826 0
24.0950023958 -24.0950023958 0
-5.23127548224e-018 -47.7900696826 0
-24.0950023958 -24.0950023958 0
-47.7900696826 -3.98444298388e-018 0
-24.0950023958 24.0950023958 0
47.7900696826 -1.19262238973e-017 0
24.0950023958 24.0950023958 0
-6.07153216592e-018 47.5601836913 0
24.0007678612 -24.0007678612 0
-5.74627151417e-018 -47.5601836913 0
-24.0007678612 -24.0007678612 0
-47.5601836913 -4.87890977618e-018 0
-24.0007678612 24.0007678612 0
47.5601836913 -1.30104260698e-017 0
24.0007678612 24.0007678612 0
-5.20417042793e-018 47.3183771278 0
23.9016266476 -23.9016266476 0
-6.28837260042e-018 -47.3183771278 0
-23.9016266476 -23.9016266476 0
-47.3183771278 -5.47522097105e-018 0
-23.9016266476 23.9016266476 0
47.3183771278 -1.36609473733e-017 0
23.9016266476 23.9016266476 0
-4.55364912444e-018 47.0645400602 0
23.7975302295 -23.7975302295 0
-6.83047368666e-018 -47.0645400602 0
-23.7975302295 -23.7975302295 0
-47.0645400602 -5.8004816228e-018 0
-23.7975302295 23.7975302295 0
47.0645400602 -1.38777878078e-017 0
23.7975302295 23.7975302295 0
-4.11996825544e-018 46.7985553492 0
23.6884268166 -23.6884268166 0
-7.39967982721e-018 -46.7985553492 0
-23.6884268166 -23.6884268166 0
-46.7985553492 -5.93600689436e-018 0
-23.6884268166 23.6884268166 0
46.7985553492 -1.38777878078e-017 0
23.6884268166 23.6884268166 0
-3.68628738645e-018 46.5202983178 0
23.5742611912 -23.5742611912 0
-8.02309607639e-018 -46.5202983178 0
-23.5742611912 -23.5742611912 0
-46.5202983178 -6.12574227454e-018 0
-23.5742611912 23.5742611912 0
46.5202983178 -1.38777878078e-017 0
23.5742611912 23.5742611912 0
-3.25260651746e-018 46.2296363911 0
23.4549745307 -23.4549745307 0
-8.67361737988e-018 -46.2296363911 0
-23.4549745307 -23.4549745307 0
-46.2296363911 -6.45100292629e-018 0
-23.4549745307 23.4549745307 0
46.2296363911 -1.38777878078e-017 0
23.4549745307 23.4549745307 0
-2.81892564846e-018 45.9264287039 0
23.3305042127 -23.3305042127 0
-9.35124373769e-018 -45.9264287039 0
-23.3305042127 -23.3305042127 0
-45.9264287039 -6.9117888496e-018 0
-23.3305042127 23.3305042127 0
45.9264287039 -1.38777878078e-017 0
23.3305042127 23.3305042127 0
-2.38524477947e-018 45.6105256726 0
23.2007836017 -23.2007836017 0
-1.00017650412e-017 -45.6105256726 0
-23.2007836017 -23.2007836017 0
-45.6105256726 -7.34546971859e-018 0
-23.2007836017 23.2007836017 0
45.6105256726 -1.38777878078e-017 0
23.2007836017 23.2007836017 0
-1.95156391047e-018 45.2817685285 0
23.0657418154 -23.0657418154 0
-1.05709711817e-017 -45.2817685285 0
-23.0657418154 -23.0657418154 0
-45.2817685285 -7.69783542465e-018 0
-23.0657418154 23.0657418154 0
45.2817685285 -1.38777878078e-017 0
23.0657418154 23.0657418154 0
-1.51788304148e-018 44.9399888085 0
22.9253034683 -22.9253034683 0
-1.11401773223e-017 -44.9399888085 0
-22.9253034683 -22.9253034683 0
-44.9399888085 -7.94178091346e-018 0
-22.9253034683 22.9253034683 0
44.9399888085 -1.38777878078e-017 0
22.9253034683 22.9253034683 0
-1.08420217249e-018 44.585007798 0
22.7793883902 -22.7793883902 0
-1.17635935715e-017 -44.585007798 0
-22.7793883902 -22.7793883902 0
-44.585007798 -8.23993651089e-018 0
-22.7793883902 22.7793883902 0
44.585007798 -1.38777878078e-017 0
22.7793883902 22.7793883902 0
-1.08420217249e-018 44.2166359224 0
22.6279113161 -22.6279113161 0
-1.2414114875e-017 -44.2166359224 0
-22.6279113161 -22.6279113161 0
-44.2166359224 -8.78203759713e-018 0
-22.6279113161 22.6279113161 0
44.2166359224 -1.38777878078e-017 0
22.6279113161 22.6279113161 0
-1.51788304148e-018 43.834672081 0
22.4707815453 -22.4707815453 0
-1.30375311241e-017 -43.834672081 0
-22.4707815453 -22.4707815453 0
-43.834672081 -9.18861341181e-018 0
-22.4707815453 22.4707815453 0
43.834672081 -1.38777878078e-017 0
22.4707815453 22.4707815453 0
-2.38524477947e-018 43.438902916 0
22.3079025653 -22.3079025653 0
-1.3633842319e-017 -43.438902916 0
-22.3079025653 -22.3079025653 0
-43.438902916 -9.24282352044e-018 0
-22.3079025653 22.3079025653 0
43.438902916 -1.34441069388e-017 0
22.3079025653 22.3079025653 0
-3.25260651746e-018 43.0291020114 0
22.1391716358 -22.1391716358 0
-1.42843636225e-017 -43.0291020114 0
-22.1391716358 -22.1391716358 0
-43.0291020114 -8.91756286869e-018 0
-22.1391716358 22.1391716358 0
43.0291020114 -1.25767452008e-017 0
22.1391716358 22.1391716358 0
-3.68628738645e-018 42.6050290113 0
21.9644793292 -21.9644793292 0
-1.50162000889e-017 -42.6050290113 0
-21.9644793292 -21.9644793292 0
-42.6050290113 -8.56519716264e-018 0
-21.9644793292 21.9644793292 0
42.6050290113 -1.17093834628e-017 0
21.9644793292 21.9644793292 0
-4.11996825544e-018 42.16642865 0
21.7837090195 -21.7837090195 0
-1.5720931501e-017 -42.16642865 0
-21.7837090195 -21.7837090195 0
-42.16642865 -8.40256683676e-018 0
-21.7837090195 21.7837090195 0
42.16642865 -1.08420217249e-017 0
21.7837090195 21.7837090195 0
-4.55364912444e-018 41.7130296816 0
21.5967363159 -21.5967363159 0
-1.63443477502e-017 -41.7130296816 0
-21.5967363159 -21.5967363159 0
-41.7130296816 -8.15862134795e-018 0
-21.5967363159 21.5967363159 0
41.7130296816 -9.97465998687e-018 0
21.5967363159 21.5967363159 0
-4.55364912444e-018 41.2445436974 0
21.403428431 -21.403428431 0
-1.69135538908e-017 -41.2445436974 0
-21.403428431 -21.403428431 0
-41.2445436974 -7.86046575052e-018 0
-21.403428431 21.403428431 0
41.2445436974 -9.10729824888e-018 0
21.403428431 21.403428431 0
-4.11996825544e-018 40.760663817 0
21.2036434751 -21.2036434751 0
-1.74285499227e-017 -40.760663817 0
-21.2036434751 -21.2036434751 0
-40.760663817 -7.61652026171e-018 0
-21.2036434751 21.2036434751 0
40.760663817 -8.23993651089e-018 0
21.2036434751 21.2036434751 0
-3.68628738645e-018 40.2610632349 0
20.9972296666 -20.9972296666 0
-1.7889335846e-017 -40.2610632349 0
-20.9972296666 -20.9972296666 0
-40.2610632349 -7.31836466428e-018 0
-20.9972296666 20.9972296666 0
40.2610632349 -7.3725747729e-018 0
20.9972296666 20.9972296666 0
-3.25260651746e-018 39.7453936049 0
20.7840244456 -20.7840244456 0
-1.82959116607e-017 -39.7453936049 0
-20.7840244456 -20.7840244456 0
-39.7453936049 -6.74915852372e-018 0
-20.7840244456 20.7840244456 0
39.7453936049 -6.50521303491e-018 0
20.7840244456 20.7840244456 0
-3.25260651746e-018 39.2132832387 0
20.5638534754 -20.5638534754 0
-1.86753824211e-017 -39.2132832387 0
-20.5638534754 -20.5638534754 0
-39.2132832387 -5.93600689436e-018 0
-20.5638534754 20.5638534754 0
39.2132832387 -5.20417042793e-018 0
20.5638534754 20.5638534754 0
-3.68628738645e-018 38.6643350926 0
20.336529515 -20.336529515 0
-1.90548531814e-017 -38.6643350926 0
-20.336529515 -20.336529515 0
-38.6643350926 -5.01443504775e-018 0
-20.336529515 20.336529515 0
38.6643350926 -3.46944695195e-018 0
20.336529515 20.336529515 0
-4.11996825544e-018 38.0981245104 0
20.1018511418 -20.1018511418 0
-1.94885340504e-017 -38.0981245104 0
-20.1018511418 -20.1018511418 0
-38.0981245104 -3.93023287526e-018 0
-20.1018511418 20.1018511418 0
38.0981245104 -1.73472347598e-018 0
20.1018511418 20.1018511418 0
-4.55364912444e-018 37.5141966871 0
19.8596012982 -19.8596012982 0
-1.98680048108e-017 -37.5141966871 0
-19.8596012982 -19.8596012982 0
-37.5141966871 -2.84603070277e-018 0
-19.8596012982 19.8596012982 0
37.5141966871 0.0 0
19.8596012982 19.8596012982 0
-4.55364912444e-018 36.9120638085 0
19.6095456334 -19.6095456334 0
-2.02474755712e-017 -36.9120638085 0
-19.6095456334 -19.6095456334 0
-36.9120638085 -1.92445885616e-018 0
-19.6095456334 19.6095456334 0
36.9120638085 1.73472347598e-018 0
19.6095456334 19.6095456334 0
-4.55364912444e-018 36.2912018156 0
19.3514306022 -19.3514306022 0
-2.0843786766e-017 -36.2912018156 0
-19.3514306022 -19.3514306022 0
-36.2912018156 -1.21972744405e-018 0
-19.3514306022 19.3514306022 0
36.2912018156 3.46944695195e-018 0
19.3514306022 19.3514306022 0
-4.98732999343e-018 35.6510467316 0
19.0849812778 -19.0849812778 0
-2.15485181781e-017 -35.6510467316 0
-19.0849812778 -19.0849812778 0
-35.6510467316 -4.06575814682e-019 0
-19.0849812778 19.0849812778 0
35.6510467316 5.63785129692e-018 0
19.0849812778 19.0849812778 0
-5.42101086243e-018 34.9909904768 0
18.8098988225 -18.8098988225 0
-2.22532495903e-017 -34.9909904768 0
-18.8098988225 -18.8098988225 0
-34.9909904768 6.77626357803e-019 0
-18.8098988225 18.8098988225 0
34.9909904768 8.23993651089e-018 0
18.8098988225 18.8098988225 0
-5.85469173142e-018 34.3103760814 0
18.5258575487 -18.5258575487 0
-2.29037708938e-017 -34.3103760814 0
-18.5258575487 -18.5258575487 0
-34.3103760814 2.08708918203e-018 0
-18.5258575487 18.5258575487 0
34.3103760814 1.12757025938e-017 0
18.5258575487 18.5258575487 0
-6.28837260042e-018 33.6084921853 0
18.232501488 -18.232501488 0
-2.35000820886e-017 -33.6084921853 0
-18.232501488 -18.232501488 0
-33.6084921853 3.93023287526e-018 0
-18.232501488 18.232501488 0
33.6084921853 1.47451495458e-017 0
18.232501488 18.232501488 0
-7.5894152074e-018 32.8845666929 0
17.9294403615 -17.9294403615 0
-2.40421831749e-017 -32.8845666929 0
-17.9294403615 -17.9294403615 0
-32.8845666929 6.42389787198e-018 0
-17.9294403615 17.9294403615 0
32.8845666929 1.82145964978e-017 0
17.9294403615 17.9294403615 0
-1.06251812904e-017 32.1377594145 0
17.6162448189 -17.6162448189 0
-2.45300741525e-017 -32.1377594145 0
-17.6162448189 -17.6162448189 0
-32.1377594145 9.83913471531e-018 0
-17.6162448189 17.6162448189 0
32.1377594145 2.16840434497e-017 0
17.6162448189 17.6162448189 0
-1.45283091113e-017 31.3671534903 0
17.2924407798 -17.2924407798 0
-2.49637550215e-017 -31.3671534903 0
-17.2924407798 -17.2924407798 0
-31.3671534903 1.3633842319e-017 0
-17.2924407798 17.2924407798 0
31.3671534903 2.51534904017e-017 0
17.2924407798 17.2924407798 0
-1.84314369323e-017 30.5717453411 0
16.9575026579 -16.9575026579 0
-2.53974358905e-017 -30.5717453411 0
-16.9575026579 -16.9575026579 0
-30.5717453411 1.74827600313e-017 0
-16.9575026579 16.9575026579 0
30.5717453411 2.86229373536e-017 0
16.9575026579 16.9575026579 0
-2.23345647532e-017 29.7504328189 0
16.61084519 -16.61084519 0
-2.58853268681e-017 -29.7504328189 0
-16.61084519 -16.61084519 0
-29.7504328189 2.14400979609e-017 0
-16.61084519 16.61084519 0
29.7504328189 3.20923843056e-017 0
16.61084519 16.61084519 0
-2.62376925741e-017 28.9020011492 0
16.2518135004 -16.2518135004 0
-2.63732178457e-017 -28.9020011492 0
-16.2518135004 -16.2518135004 0
-28.9020011492 2.54516459991e-017 0
-16.2518135004 16.2518135004 0
28.9020011492 3.55618312575e-017 0
16.2518135004 16.2518135004 0
-3.01408203951e-017 28.0251061336 0
15.8796709143 -15.8796709143 0
-2.68068987147e-017 -28.0251061336 0
-15.8796709143 -15.8796709143 0
-28.0251061336 2.91921434942e-017 0
-15.8796709143 15.8796709143 0
28.0251061336 3.90312782095e-017 0
15.8796709143 15.8796709143 0
-3.4043948216e-017 27.1182539289 0
15.4935838661 -15.4935838661 0
-2.72405795837e-017 -27.1182539289 0
-15.4935838661 -15.4935838661 0
-27.1182539289 3.29868510979e-017 0
-15.4935838661 15.4935838661 0
27.1182539289 4.25007251614e-017 0
15.4935838661 15.4935838661 0
-3.7947076037e-017 26.1797765033 0
15.0926030139 -15.0926030139 0
-2.77284705613e-017 -26.1797765033 0
-15.0926030139 -15.0926030139 0
-26.1797765033 3.73778698964e-017 0
-15.0926030139 15.0926030139 0
26.1797765033 4.68375338514e-017 0
15.0926030139 15.0926030139 0
-4.27175655959e-017 25.2078015765 0
14.6756393329 -14.6756393329 0
-2.83247817562e-017 -25.2078015765 0
-14.6756393329 -14.6756393329 0
-25.2078015765 4.15520482605e-017 0
-14.6756393329 14.6756393329 0
25.2078015765 5.20417042793e-017 0
14.6756393329 14.6756393329 0
-4.74880551549e-017 24.2002154395 0
14.2414334667 -14.2414334667 0
-2.89210929511e-017 -24.2002154395 0
-14.2414334667 -14.2414334667 0
-24.2002154395 4.59430670591e-017 0
-14.2414334667 14.2414334667 0
24.2002154395 5.81132364452e-017 0
14.2414334667 14.2414334667 0
-4.96564594998e-017 23.1546164602 0
13.7885158793 -13.7885158793 0
-2.93005637114e-017 -23.1546164602 0
-13.7885158793 -13.7885158793 0
-23.1546164602 5.17435486819e-017 0
-13.7885158793 13.7885158793 0
23.1546164602 6.50521303491e-017 0
13.7885158793 13.7885158793 0
-5.00901403688e-017 22.0682562358 0
13.3151542296 -13.3151542296 0
-2.94631940373e-017 -22.0682562358 0
-13.3151542296 -13.3151542296 0
-22.0682562358 5.85198122599e-017 0
-13.3151542296 13.3151542296 0
22.0682562358 7.1991024253e-017 0
13.3151542296 13.3151542296 0
-5.05238212378e-017 20.9379640873 0
12.8192826401 -12.8192826401 0
-2.96258243632e-017 -20.9379640873 0
-12.8192826401 -12.8192826401 0
-20.9379640873 6.50792354034e-017 0
-12.8192826401 12.8192826401 0
20.9379640873 7.89299181569e-017 0
12.8192826401 12.8192826401 0
-4.92227786308e-017 19.7600486856 0
12.2984047277 -12.2984047277 0
-2.98968749063e-017 -19.7600486856 0
-12.2984047277 -12.2984047277 0
-19.7600486856 7.13133978952e-017 0
-12.2984047277 12.2984047277 0
19.7600486856 8.58688120609e-017 0
12.2984047277 12.2984047277 0
-4.61870125479e-017 18.5301676176 0
11.7494576352 -11.7494576352 0
-3.01679254494e-017 -18.5301676176 0
-11.7494576352 -11.7494576352 0
-18.5301676176 7.86317625595e-017 0
-11.7494576352 11.7494576352 0
18.5301676176 9.28077059648e-017 0
11.7494576352 11.7494576352 0
-4.31512464649e-017 17.2431509031 0
11.1686163771 -11.1686163771 0
-3.04389759925e-017 -17.2431509031 0
-11.1686163771 -11.1686163771 0
-17.2431509031 8.67090687445e-017 0
-11.1686163771 11.1686163771 0
17.2431509031 9.97465998687e-017 0
11.1686163771 11.1686163771 0
-4.0115480382e-017 15.8927564392 0
10.5510037108 -10.5510037108 0
-3.02763456667e-017 -15.8927564392 0
-10.5510037108 -10.5510037108 0
-15.8927564392 9.39190131916e-017 0
-10.5510037108 10.5510037108 0
15.8927564392 1.06685493773e-016 0
10.5510037108 10.5510037108 0
-3.7079714299e-017 14.4713212352 0
9.89024444114 -9.89024444114 0
-3.01137153408e-017 -14.4713212352 0
-9.89024444114 -9.89024444114 0
-14.4713212352 1.0069527677e-016 0
-9.89024444114 9.89024444114 0
14.4713212352 1.13624387676e-016 0
9.89024444114 9.89024444114 0
-3.05745012641e-017 12.9692459479 0
9.17775119219 -9.17775119219 0
-3.08184467529e-017 -12.9692459479 0
-9.17775119219 -9.17775119219 0
-12.9692459479 1.08989423389e-016 0
-9.17775119219 9.17775119219 0
12.9692459479 1.2056328158e-016 0
9.17775119219 9.17775119219 0
-2.05998412772e-017 11.37419695 0
8.40151931062 -8.40151931062 0
-3.1523178165e-017 -11.37419695 0
-8.40151931062 -8.40151931062 0
-11.37419695 1.19018293485e-016 0
-8.40151931062 8.40151931062 0
11.37419695 1.27502175484e-016 0
8.40151931062 8.40151931062 0
-1.06251812904e-017 9.66979009844 0
7.54395782009 -7.54395782009 0
-3.22279095771e-017 -9.66979009844 0
-7.54395782009 -7.54395782009 0
-9.66979009844 1.32082929663e-016 0
-7.54395782009 7.54395782009 0
9.66979009844 1.34441069388e-016 0
7.54395782009 7.54395782009 0
-6.50521303491e-019 7.83320514628 0
6.57764312196 -6.57764312196 0
-3.42336835962e-017 -7.83320514628 0
-6.57764312196 -6.57764312196 0
-7.83320514628 1.46014927579e-016 0
-6.57764312196 6.57764312196 0
7.83320514628 1.41379963292e-016 0
6.57764312196 6.57764312196 0
2.32019264912e-017 5.83014515261 0
5.45599068606 -5.45599068606 0
-3.62394576153e-017 -5.83014515261 0
-5.45599068606 -5.45599068606 0
-5.83014515261 1.59946925496e-016 0
-5.45599068606 5.45599068606 0
5.83014515261 1.48318857196e-016 0
5.45599068606 5.45599068606 0
6.09321620937e-017 3.60076249066 0
4.0889308335 -4.0889308335 0
-3.91125933724e-017 -3.60076249066 0
-4.0889308335 -4.0889308335 0
-3.60076249066 1.75613646888e-016 0
-4.0889308335 4.0889308335 0
3.60076249066 1.552577511e-016 0
4.0889308335 4.0889308335 0
7.09068220806e-017 0.989257053652 0
2.25798517522 -2.25798517522 0
-4.37204526055e-017 -0.989257053652 0
-2.25798517522 -2.25798517522 0
-0.989257053652 2.22505390848e-016 0
-2.25798517522 2.25798517522 0
0.989257053652 1.89952220619e-016 0
2.25798517522 2.25798517522 0
-1.13407547242e-016 -4.68392353615 0
-0.959503338528 0.959503338528 0
-3.44505240307e-017 4.68392353615 0
0.959503338528 0.959503338528 0
4.68392353615 1.050022699e-015 0
0.959503338528 -0.959503338528 0
-4.68392353615 6.96491475605e-016 0
-0.959503338528 -0.959503338528 0
-4.5037758245e-016 -12.4647586868 0
-4.18954097067 4.18954097067 0
-3.03847658839e-017 12.4647586868 0
4.18954097067 4.18954097067 0
12.4647586868 2.51418352283e-015 0
4.18954097067 -4.18954097067 0
-12.4647586868 1.59854768311e-015 0
-4.18954097067 -4.18954097067 0
-7.70000382899e-016 -19.4405722771 0
-6.30173399396 6.30173399396 0
-5.53756259597e-017 19.4405722771 0
6.30173399396 6.30173399396 0
19.4405722771 3.84737272423e-015 0
6.30173399396 -6.30173399396 0
-19.4405722771 2.43815384549e-015 0
-6.30173399396 -6.30173399396 0
-1.08528637466e-015 -26.2745100998 0
-8.33496584608 8.33496584608 0
-9.42442738433e-017 26.2745100998 0
8.33496584608 8.33496584608 0
26.2745100998 5.15627579696e-015 0
8.33496584608 -8.33496584608 0
-26.2745100998 3.25694332615e-015 0
-8.33496584608 -8.33496584608 0
-1.39883764294e-015 -33.0443755085 0
-10.3303342612 10.3303342612 0
-1.39618134762e-016 33.0443755085 0
10.3303342612 10.3303342612 0
33.0443755085 6.45563789058e-015 0
10.3303342612 -10.3303342612 0
-33.0443755085 4.06575814682e-015 0
-10.3303342612 -10.3303342612 0
-1.71152154949e-015 -39.7772171442 0
-12.3030063282 12.3030063282 0
-1.90413006543e-016 39.7772171442 0
12.3030063282 12.3030063282 0
39.7772171442 7.74898266213e-015 0
12.3030063282 -12.3030063282 0
-39.7772171442 4.8702361588e-015 0
-12.3030063282 -12.3030063282 0
-2.02420545603e-015 -46.485812798 0
-14.2604328979 14.2604328979 0
-2.45626002177e-016 46.485812798 0
14.2604328979 14.2604328979 0
46.485812798 9.037990625e-015 0
14.2604328979 -14.2604328979 0
-46.485812798 5.67189524514e-015 0
-14.2604328979 -14.2604328979 0
-2.33667252214e-015 -53.1772559371 0
-16.2068686098 16.2068686098 0
-3.02926086992e-016 53.1772559371 0
16.2068686098 16.2068686098 0
53.1772559371 1.03234749308e-014 0
16.2068686098 -16.2068686098 0
-53.1772559371 6.471819608e-015 0
-16.2068686098 -16.2068686098 0
-2.64848906695e-015 -59.8559067872 0
-18.1449857861 18.1449857861 0
-3.61906685176e-016 59.8559067872 0
18.1449857861 18.1449857861 0
59.8559067872 1.16063300463e-014 0
18.1449857861 -18.1449857861 0
-59.8559067872 7.27098502934e-015 0
-18.1449857861 -18.1449857861 0
-2.95965509045e-015 -66.524642244 0
-20.0765782094 20.0765782094 0
-4.22920162432e-016 66.524642244 0
20.0765782094 20.0765782094 0
66.524642244 1.28876672788e-014 0
20.0765782094 -20.0765782094 0
-66.524642244 8.06906624851e-015 0
-20.0765782094 -20.0765782094 0
-3.27055006341e-015 -73.1854625385 0
-22.0029107485 22.0029107485 0
-4.8535665504e-016 73.1854625385 0
22.0029107485 22.0029107485 0
73.1854625385 1.41674188657e-014 0
22.0029107485 -22.0029107485 0
-73.1854625385 8.86584642507e-015 0
-22.0029107485 -22.0029107485 0
-3.58117398583e-015 -79.8398157075 0
-23.9249099626 23.9249099626 0
-5.48646956859e-016 79.8398157075 0
23.9249099626 23.9249099626 0
79.8398157075 1.5445435729e-014 0
23.9249099626 -23.9249099626 0
-79.8398157075 9.66148818934e-015 0
-23.9249099626 -23.9249099626 0
-3.89147264759e-015 -86.4887843026 0
-25.8432755559 25.8432755559 0
-6.12716528989e-016 86.4887843026 0
25.8432755559 25.8432755559 0
86.4887843026 1.67221922073e-014 0
25.8432755559 -25.8432755559 0
-86.4887843026 1.0456316802e-014 0
-25.8432755559 -25.8432755559 0
-4.20150025882e-015 -93.1331991635 0
-27.7585492357 27.7585492357 0
-6.77687344176e-016 93.1331991635 0
27.7585492357 27.7585492357 0
93.1331991635 1.79979932325e-014 0
27.7585492357 -27.7585492357 0
-93.1331991635 1.1250332263e-014 0
-27.7585492357 -27.7585492357 0
-4.5113110296e-015 -99.7737120281 0
-29.6711591846 29.6711591846 0
-7.43403548355e-016 99.7737120281 0
29.6711591846 29.6711591846 0
99.7737120281 1.92727710418e-014 0
29.6711591846 -29.6711591846 0
-99.7737120281 1.20437243078e-014 0
-29.6711591846 -29.6711591846 0
-4.82101338017e-015 -106.410843673 0
-31.5814498567 31.5814498567 0
-8.09899022847e-016 106.410843673 0
31.5814498567 31.5814498567 0
106.410843673 2.05466001743e-014 0
31.5814498567 -31.5814498567 0
-106.410843673 1.28366555666e-014 0
-31.5814498567 -31.5814498567 0
-5.13068862569e-015 -113.045016871 0
-33.4897025666 33.4897025666 0
-8.77017913587e-016 113.045016871 0
33.4897025666 33.4897025666 0
113.045016871 2.18196839178e-014 0
33.4897025666 -33.4897025666 0
-113.045016871 1.36290447244e-014 0
-33.4897025666 -33.4897025666 0
-5.44033676615e-015 -119.676579575 0
-35.3961500951 35.3961500951 0
-9.44414631134e-016 119.676579575 0
35.3961500951 35.3961500951 0
119.676579575 2.309217135e-014 0
35.3961500951 -35.3961500951 0
-119.676579575 1.44209188861e-014 0
-35.3961500951 -35.3961500951 0
-5.74990359145e-015 -126.305821624 0
-37.30098729 37.30098729 0
-1.01203157725e-015 126.305821624 0
37.30098729 37.30098729 0
126.305821624 2.43641708913e-014 0
37.30098729 -37.30098729 0
-126.305821624 1.5212386472e-014 0
-37.30098729 -37.30098729 0
-6.0594433117e-015 -132.932987023 0
-39.2043789134 39.2043789134 0
-1.0799297383e-015 132.932987023 0
39.2043789134 39.2043789134 0
132.932987023 2.56356689891e-014 0
39.2043789134 -39.2043789134 0
-132.932987023 1.60034474821e-014 0
-39.2043789134 -39.2043789134 0
-6.36894237436e-015 -139.558283136 0
-41.1064655539 41.1064655539 0
-1.14806168044e-015 139.558283136 0
41.1064655539 41.1064655539 0
139.558283136 2.69065911045e-014 0
41.1064655539 -41.1064655539 0
-139.558283136 1.67942103366e-014 0
-41.1064655539 -41.1064655539 0
-6.67841433197e-015 -146.181887687 0
-43.0073681514 43.0073681514 0
-1.216461285e-015 146.181887687 0
43.0073681514 43.0073681514 0
146.181887687 2.81769914475e-014 0
43.0073681514 -43.0073681514 0
-146.181887687 1.75847427982e-014 0
-43.0073681514 -43.0073681514 0
-6.98785918452e-015 -152.803954158 0
-44.9071915066 44.9071915066 0
-1.28513871636e-015 152.803954158 0
44.9071915066 44.9071915066 0
152.803954158 2.94470360368e-014 0
44.9071915066 -44.9071915066 0
-152.803954158 1.83750855243e-014 0
-44.9071915066 -44.9071915066 0
-7.29724982697e-015 -159.424616011 0
-46.8060270396 46.8060270396 0
-1.35399571871e-015 159.424616011 0
46.8060270396 46.8060270396 0
159.424616011 3.07167892467e-014 0
46.8060270396 -46.8060270396 0
-159.424616011 1.91652249626e-014 0
-46.8060270396 -46.8060270396 0
-7.60662691689e-015 -166.043990033 0
-48.7039549812 48.7039549812 0
-1.42301873952e-015 166.043990033 0
48.7039549812 48.7039549812 0
166.043990033 3.19862629357e-014 0
48.7039549812 -48.7039549812 0
-166.043990033 1.99551204554e-014 0
-48.7039549812 -48.7039549812 0
-7.91601755933e-015 -172.662179002 0
-50.6010461325 50.6010461325 0
-1.49221624911e-015 172.662179002 0
50.6010461325 50.6010461325 0
172.662179002 3.32554266107e-014 0
50.6010461325 -50.6010461325 0
-172.662179002 2.07447855552e-014 0
-50.6010461325 -50.6010461325 0
-8.2253675442e-015 -179.279273847 0
-52.4973632913 52.4973632913 0
-1.56154420178e-015 179.279273847 0
52.4973632913 52.4973632913 0
179.279273847 3.4524288742e-014 0
52.4973632913 -52.4973632913 0
-179.279273847 2.15341931569e-014 0
-52.4973632913 -52.4973632913 0
-8.53466331895e-015 -185.895355404 0
-54.392962417 54.392962417 0
-1.63097210433e-015 185.895355404 0
54.392962417 54.392962417 0
185.895355404 3.57928984574e-014 0
54.392962417 -54.392962417 0
-185.895355404 2.23234177996e-014 0
-54.392962417 -54.392962417 0
-8.8439794225e-015 -192.510495854 0
-56.2878935919 56.2878935919 0
-1.70049318051e-015 192.510495854 0
56.2878935919 56.2878935919 0
192.510495854 3.7061254063e-014 0
56.2878935919 -56.2878935919 0
-192.510495854 2.31124865882e-014 0
-56.2878935919 -56.2878935919 0
-9.1533226311e-015 -199.124759924 0
-58.182201818 58.182201818 0
-1.77013453537e-015 199.124759924 0
58.182201818 58.182201818 0
199.124759924 3.83293860518e-014 0
58.182201818 -58.182201818 0
-199.124759924 2.39013453127e-014 0
-58.182201818 -58.182201818 0
-9.46267939223e-015 -205.738205875 0
-60.0759276833 60.0759276833 0
-1.83987753418e-015 205.738205875 0
60.0759276833 60.0759276833 0
205.738205875 3.95973571044e-014 0
60.0759276833 -60.0759276833 0
-205.738205875 2.46900075255e-014 0
-60.0759276833 -60.0759276833 0
-9.77202937709e-015 -212.350886337 0
-61.9691079223 61.9691079223 0
-1.90970354222e-015 212.350886337 0
61.9691079223 61.9691079223 0
212.350886337 4.08651706089e-014 0
61.9691079223 -61.9691079223 0
-212.350886337 2.54785206604e-014 0
-61.9691079223 -61.9691079223 0
-1.00813590332e-014 -218.962849016 0
-63.8617758896 63.8617758896 0
-1.97964305268e-015 218.962849016 0
63.8617758896 63.8617758896 0
218.962849016 4.21328062364e-014 0
63.8617758896 -63.8617758896 0
-218.962849016 2.62669050464e-014 0
-63.8617758896 -63.8617758896 0
-1.03906751367e-014 -225.574137285 0
-65.7539619635 65.7539619635 0
-2.04968928928e-015 225.574137285 0
65.7539619635 65.7539619635 0
225.574137285 4.3400289398e-014 0
65.7539619635 -65.7539619635 0
-225.574137285 2.70551200258e-014 0
-65.7539619635 -65.7539619635 0
-1.06999980165e-014 -232.184790698 0
-67.6456938901 67.6456938901 0
-2.11982446435e-015 232.184790698 0
67.6456938901 67.6456938901 0
232.184790698 4.4667653975e-014 0
67.6456938901 -67.6456938901 0
-232.184790698 2.78431588224e-014 0
-67.6456938901 -67.6456938901 0
-1.10093344489e-014 -238.794845426 0
-69.5369970801 69.5369970801 0
-2.19004688381e-015 238.794845426 0
69.5369970801 69.5369970801 0
238.794845426 4.59349075907e-014 0
69.5369970801 -69.5369970801 0
-238.794845426 2.86310349886e-014 0
-69.5369970801 -69.5369970801 0
-1.13186505524e-014 -245.404334629 0
-71.4278948637 71.4278948637 0
-2.26035993579e-015 245.404334629 0
71.4278948637 71.4278948637 0
245.404334629 4.72020189048e-014 0
71.4278948637 -71.4278948637 0
-245.404334629 2.94187756295e-014 0
-71.4278948637 -71.4278948637 0
-1.16279463272e-014 -252.013288784 0
-73.3184087126 73.3184087126 0
-2.3307661614e-015 252.013288784 0
73.3184087126 73.3184087126 0
252.013288784 4.84689701298e-014 0
73.3184087126 -73.3184087126 0
-252.013288784 3.02064146265e-014 0
-73.3184087126 -73.3184087126 0
-1.19372421019e-014 -258.621735967 0
-75.2085584322 75.2085584322 0
-2.40127996019e-015 258.621735967 0
75.2085584322 75.2085584322 0
258.621735967 4.97358036171e-014 0
75.2085584322 -75.2085584322 0
-258.621735967 3.09939723084e-014 0
-75.2085584322 -75.2085584322 0
-1.22465412648e-014 -265.229702098 0
-77.0983623303 77.0983623303 0
-2.4719072614e-015 265.229702098 0
77.0983623303 77.0983623303 0
265.229702098 5.10025125906e-014 0
77.0983623303 -77.0983623303 0
-265.229702098 3.17814791682e-014 0
-77.0983623303 -77.0983623303 0
-1.25558336514e-014 -271.837211156 0
-78.9878373647 78.9878373647 0
-2.54264044173e-015 271.837211156 0
78.9878373647 78.9878373647 0
271.837211156 5.22690877329e-014 0
78.9878373647 -78.9878373647 0
-271.837211156 3.25689352061e-014 0
-78.9878373647 -78.9878373647 0
-1.28651023211e-014 -278.444285371 0
-80.8769992725 80.8769992725 0
-2.61345070205e-015 278.444285371 0
80.8769992725 80.8769992725 0
278.444285371 5.35355569961e-014 0
80.8769992725 -80.8769992725 0
-278.444285371 3.33563099288e-014 0
-80.8769992725 -80.8769992725 0
-1.31743709908e-014 -285.050945386 0
-82.7658626855 82.7658626855 0
-2.68431856062e-015 285.050945386 0
82.7658626855 82.7658626855 0
285.050945386 5.48019186861e-014 0
82.7658626855 -82.7658626855 0
-285.050945386 3.41436067245e-014 0
-82.7658626855 -82.7658626855 0
-1.34836566012e-014 -291.657210409 0
-84.6544412307 84.6544412307 0
-2.75523131193e-015 291.657210409 0
84.6544412307 84.6544412307 0
291.657210409 5.6068176191e-014 0
84.6544412307 -84.6544412307 0
-291.657210409 3.49308526982e-014 0
-84.6544412307 -84.6544412307 0
-1.37929388234e-014 -298.26309834 0
-86.5427476209 86.5427476209 0
-2.82620420258e-015 298.26309834 0
86.5427476209 86.5427476209 0
298.26309834 5.73343422164e-014 0
86.5427476209 -86.5427476209 0
-298.26309834 3.57180309093e-014 0
-86.5427476209 -86.5427476209 0
-1.41022176575e-014 -304.868625888 0
-88.4307937346 88.4307937346 0
-2.8972355385e-015 304.868625888 0
88.4307937346 88.4307937346 0
304.868625888 5.86004184563e-014 0
88.4307937346 -88.4307937346 0
-304.868625888 3.65051176408e-014 0
-88.4307937346 -88.4307937346 0
-1.44114998797e-014 -311.473808674 0
-90.3185906879 90.3185906879 0
-2.96831939047e-015 311.473808674 0
90.3185906879 90.3185906879 0
311.473808674 5.98664150751e-014 0
90.3185906879 -90.3185906879 0
-311.473808674 3.72921230571e-014 0
-90.3185906879 -90.3185906879 0
-1.4720782102e-014 -318.078661326 0
-92.2061488978 92.2061488978 0
-3.03945237035e-015 318.078661326 0
92.2061488978 92.2061488978 0
318.078661326 6.11323337668e-014 0
92.2061488978 -92.2061488978 0
-318.078661326 3.80790573227e-014 0
-92.2061488978 -92.2061488978 0
-1.50300677123e-014 -324.683197558 0
-94.0934781404 94.0934781404 0
-3.1106260078e-015 324.683197558 0
94.0934781404 94.0934781404 0
324.683197558 6.23981804608e-014 0
94.0934781404 -94.0934781404 0
-324.683197558 3.886593399e-014 0
-94.0934781404 -94.0934781404 0
-1.53393533227e-014 -331.287430247 0
-95.9805876022 95.9805876022 0
-3.18184242043e-015 331.287430247 0
95.9805876022 95.9805876022 0
331.287430247 6.36639644743e-014 0
95.9805876022 -95.9805876022 0
-331.287430247 3.96527598354e-014 0
-95.9805876022 -95.9805876022 0
-1.56486321568e-014 -337.891371498 0
-97.8674859264 97.8674859264 0
-3.25309822008e-015 337.891371498 0
97.8674859264 97.8674859264 0
337.891371498 6.49296777606e-014 0
97.8674859264 -97.8674859264 0
-337.891371498 4.04395348588e-014 0
-97.8674859264 -97.8674859264 0
-1.59578974384e-014 -344.495032707 0
-99.7541812555 99.7541812555 0
-3.32440526523e-015 344.495032707 0
99.7541812555 99.7541812555 0
344.495032707 6.61953241312e-014 0
99.7541812555 -99.7541812555 0
-344.495032707 4.12262692246e-014 0
-99.7541812555 -99.7541812555 0
-1.62671559437e-014 -351.098424613 0
-101.640681269 101.640681269 0
-3.395766944e-015 351.098424613 0
101.640681269 101.640681269 0
351.098424613 6.74609078215e-014 0
101.640681269 -101.640681269 0
-351.098424613 4.2012966321e-014 0
-101.640681269 -101.640681269 0
-1.65764110608e-014 -357.701557348 0
-103.526993218 103.526993218 0
-3.46716123355e-015 357.701557348 0
103.526993218 103.526993218 0
357.701557348 6.87264207844e-014 0
103.526993218 -103.526993218 0
-357.701557348 4.27996159835e-014 0
-103.526993218 -103.526993218 0
-1.68856560136e-014 -364.304440484 0
-105.413123956 105.413123956 0
-3.53858178111e-015 364.304440484 0
105.413123956 105.413123956 0
364.304440484 6.99918723375e-014 0
105.413123956 -105.413123956 0
-364.304440484 4.35862080477e-014 0
-105.413123956 -105.413123956 0
-1.71948958842e-014 -370.90708307 0
-107.299079968 107.299079968 0
-3.61003536296e-015 370.90708307 0
107.299079968 107.299079968 0
370.90708307 7.12572794214e-014 0
107.299079968 -107.299079968 0
-370.90708307 4.43727374316e-014 0
-107.299079968 -107.299079968 0
-1.75041357548e-014 -377.509493673 0
-109.184867397 109.184867397 0
-3.68152579074e-015 377.509493673 0
109.184867397 109.184867397 0
377.509493673 7.25226416125e-014 0
109.184867397 -109.184867397 0
-377.509493673 4.5159205829e-014 0
-109.184867397 -109.184867397 0
-1.78133722372e-014 -384.111680408 0
-111.070492066 111.070492066 0
-3.75305052335e-015 384.111680408 0
111.070492066 111.070492066 0
384.111680408 7.37879669577e-014 0
111.070492066 -111.070492066 0
-384.111680408 4.59456234045e-014 0
-111.070492066 -111.070492066 0
-1.81226053316e-014 -390.713650974 0
-112.955959503 112.955959503 0
-3.82459939641e-015 390.713650974 0
112.955959503 112.955959503 0
390.713650974 7.50532592686e-014 0
112.955959503 -112.955959503 0
-390.713650974 4.67319867699e-014 0
-112.955959503 -112.955959503 0
-1.8431841814e-014 -397.315412678 0
-114.841274957 114.841274957 0
-3.89617113935e-015 397.315412678 0
114.841274957 114.841274957 0
397.315412678 7.63185109219e-014 0
114.841274957 -114.841274957 0
-397.315412678 4.75182891489e-014 0
-114.841274957 -114.841274957 0
-1.87410867668e-014 -403.916972461 0
-116.726443417 116.726443417 0
-3.96776786977e-015 403.916972461 0
116.726443417 116.726443417 0
403.916972461 7.75837176824e-014 0
116.726443417 -116.726443417 0
-403.916972461 4.83045491762e-014 0
-116.726443417 -116.726443417 0
-1.9050343578e-014 -410.518336926 0
-118.611469632 118.611469632 0
-4.03939466985e-015 410.518336926 0
118.611469632 118.611469632 0
410.518336926 7.88488770092e-014 0
118.611469632 -118.611469632 0
-410.518336926 4.90907753223e-014 0
-118.611469632 -118.611469632 0
-1.93596071655e-014 -417.119512354 0
-120.496358124 120.496358124 0
-4.11104645741e-015 417.119512354 0
120.496358124 120.496358124 0
417.119512354 8.0113988055e-014 0
120.496358124 -120.496358124 0
-417.119512354 4.98769625048e-014 0
-120.496358124 -120.496358124 0
-1.96688741412e-014 -423.720504732 0
-122.381113201 122.381113201 0
-4.18271899728e-015 423.720504732 0
122.381113201 122.381113201 0
423.720504732 8.13790427732e-014 0
122.381113201 -122.381113201 0
-423.720504732 5.06631124179e-014 0
-122.381113201 -122.381113201 0
-1.99781445049e-014 -430.321319763 0
-124.265738973 124.265738973 0
-4.25441779516e-015 430.321319763 0
124.265738973 124.265738973 0
430.321319763 8.26440445518e-014 0
124.265738973 -124.265738973 0
-430.321319763 5.14492233674e-014 0
-124.265738973 -124.265738973 0
-2.02874250331e-014 -436.921962889 0
-126.150239362 126.150239362 0
-4.32613607481e-015 436.921962889 0
126.150239362 126.150239362 0
436.921962889 8.39090014376e-014 0
126.150239362 -126.150239362 0
-436.921962889 5.22352902713e-014 0
-126.150239362 -126.150239362 0
-2.05967106435e-014 -443.522439304 0
-128.034618114 128.034618114 0
-4.39787891841e-015 443.522439304 0
128.034618114 128.034618114 0
443.522439304 8.51739121602e-014 0
128.034618114 -128.034618114 0
-443.522439304 5.30213165175e-014 0
-128.034618114 -128.034618114 0
-2.09059928657e-014 -450.122753973 0
-129.91887881 129.91887881 0
-4.46964420838e-015 450.122753973 0
129.91887881 129.91887881 0
450.122753973 8.64387813781e-014 0
129.91887881 -129.91887881 0
-450.122753973 5.38073071884e-014 0
-129.91887881 -129.91887881 0
-2.12152716998e-014 -456.722911638 0
-131.803024873 131.803024873 0
-4.54142665077e-015 456.722911638 0
131.803024873 131.803024873 0
456.722911638 8.77036114208e-014 0
131.803024873 -131.803024873 0
-456.722911638 5.45932555076e-014 0
-131.803024873 -131.803024873 0
-2.15245505339e-014 -463.322916839 0
-133.687059582 133.687059582 0
-4.61322645733e-015 463.322916839 0
133.687059582 133.687059582 0
463.322916839 8.89684056763e-014 0
133.687059582 -133.687059582 0
-463.322916839 5.53791580871e-014 0
-133.687059582 -133.687059582 0
-2.18338361442e-014 -469.92277392 0
-135.570986076 135.570986076 0
-4.68503092258e-015 469.92277392 0
135.570986076 135.570986076 0
469.92277392 9.02331592742e-014 0
135.570986076 -135.570986076 0
-469.92277392 5.61650149268e-014 0
-135.570986076 -135.570986076 0
-2.21431183665e-014 -476.522487042 0
-137.45480736 137.45480736 0
-4.75684068178e-015 476.522487042 0
137.45480736 137.45480736 0
476.522487042 9.14978775085e-014 0
137.45480736 -137.45480736 0
-476.522487042 5.6950834497e-014 0
-137.45480736 -137.45480736 0
-2.24523870362e-014 -483.122060194 0
-139.338526321 139.338526321 0
-4.82866378175e-015 483.122060194 0
139.338526321 139.338526321 0
483.122060194 9.27625635556e-014 0
139.338526321 -139.338526321 0
-483.122060194 5.77366167978e-014 0
-139.338526321 -139.338526321 0
-2.27616489296e-014 -489.7214972 0
-141.222145723 141.222145723 0
-4.90050149304e-015 489.7214972 0
141.222145723 141.222145723 0
489.7214972 9.40272136038e-014 0
141.222145723 -141.222145723 0
-489.7214972 5.85223635231e-014 0
-141.222145723 -141.222145723 0
-2.30709125171e-014 -496.32080173 0
-143.105668223 143.105668223 0
-4.97234894521e-015 496.32080173 0
143.105668223 143.105668223 0
496.32080173 9.52918378174e-014 0
143.105668223 -143.105668223 0
-496.32080173 5.93080831435e-014 0
-143.105668223 -143.105668223 0
-2.33801811868e-014 -502.919977308 0
-144.989096372 144.989096372 0
-5.04420550298e-015 502.919977308 0
144.989096372 144.989096372 0
502.919977308 9.6556434079e-014 0
144.989096372 -144.989096372 0
-502.919977308 6.00937705766e-014 0
-144.989096372 -144.989096372 0
-2.36894490095e-014 -509.519027317 0
-146.872432621 146.872432621 0
-5.11607646032e-015 509.519027317 0
146.872432621 146.872432621 0
509.519027317 9.78209990003e-014 0
146.872432621 -146.872432621 0
-509.519027317 6.08794249754e-014 0
-146.872432621 -146.872432621 0
-2.3998714291e-014 -516.117955012 0
-148.755679326 148.755679326 0
-5.18796097018e-015 516.117955012 0
148.755679326 148.755679326 0
516.117955012 9.90855289816e-014 0
148.755679326 -148.755679326 0
-516.117955012 6.16650480339e-014 0
-148.755679326 -148.755679326 0
-2.43079829607e-014 -522.716763521 0
-150.638838756 150.638838756 0
-5.2598547974e-015 522.716763521 0
150.638838756 150.638838756 0
522.716763521 1.00350029105e-013 0
150.638838756 -150.638838756 0
-522.716763521 6.24506389053e-014 0
-150.638838756 -150.638838756 0
-2.46172567126e-014 -529.315455852 0
-152.521913091 152.521913091 0
-5.33176133012e-015 529.315455852 0
152.521913091 152.521913091 0
529.315455852 1.01614504876e-013 0
152.521913091 -152.521913091 0
-529.315455852 6.32362018245e-014 0
-152.521913091 -152.521913091 0
-2.49265372408e-014 -535.914034904 0
-154.404904434 154.404904434 0
-5.4036761214e-015 535.914034904 0
154.404904434 154.404904434 0
535.914034904 1.0287895693e-013 0
154.404904434 -154.404904434 0
-535.914034904 6.40217444149e-014 0
-154.404904434 -154.404904434 0
-2.52358135338e-014 -542.512503465 0
-156.287814808 156.287814808 0
-5.47559663016e-015 542.512503465 0
156.287814808 156.287814808 0
542.512503465 1.04143380821e-013 0
156.287814808 -156.287814808 0
-542.512503465 6.48072599003e-014 0
-156.287814808 -156.287814808 0
-2.55450830505e-014 -549.110864225 0
-158.170646164 158.170646164 0
-5.5475294209e-015 549.110864225 0
158.170646164 158.170646164 0
549.110864225 1.05407774641e-013 0
158.170646164 -158.170646164 0
-549.110864225 6.55927457396e-014 0
-158.170646164 -158.170646164 0
-2.58543491791e-014 -555.709119775 0
-160.053400383 160.053400383 0
-5.61947788175e-015 555.709119775 0
160.053400383 160.053400383 0
555.709119775 1.0667214411e-013 0
160.053400383 -160.053400383 0
-555.709119775 6.63782087089e-014 0
-160.053400383 -160.053400383 0
-2.61636068374e-014 -562.307272612 0
-161.936079281 161.936079281 0
-5.6914430715e-015 562.307272612 0
161.936079281 161.936079281 0
562.307272612 1.07936491344e-013 0
161.936079281 -161.936079281 0
-562.307272612 6.71636530436e-014 0
-161.936079281 -161.936079281 0
-2.64728560254e-014 -568.905325148 0
-163.818684608 163.818684608 0
-5.76342287256e-015 568.905325148 0
163.818684608 163.818684608 0
568.905325148 1.09200813802e-013 0
163.818684608 -163.818684608 0
-568.905325148 6.79490795905e-014 0
-163.818684608 -163.818684608 0
-2.678209759e-014 -575.50327971 0
-165.701218055 165.701218055 0
-5.83542215539e-015 575.50327971 0
165.701218055 165.701218055 0
575.50327971 1.10465108731e-013 0
165.701218055 -165.701218055 0
-575.50327971 6.87344883497e-014 0
-165.701218055 -165.701218055 0
-2.70913366136e-014 -582.101138544 0
-167.583681256 167.583681256 0
-5.90744070821e-015 582.101138544 0
167.583681256 167.583681256 0
582.101138544 1.11729380368e-013 0
167.583681256 -167.583681256 0
-582.101138544 6.95198827094e-014 0
-167.583681256 -167.583681256 0
-2.74005764841e-014 -588.698903821 0
-169.466075789 169.466075789 0
-5.97947069598e-015 588.698903821 0
169.466075789 169.466075789 0
588.698903821 1.12993633157e-013 0
169.466075789 -169.466075789 0
-588.698903821 7.03052626695e-014 0
-169.466075789 -169.466075789 0
-2.77098155077e-014 -595.296577638 0
-171.348403179 171.348403179 0
-6.05151487155e-015 595.296577638 0
171.348403179 171.348403179 0
595.296577638 1.14257867312e-013 0
171.348403179 -171.348403179 0
-595.296577638 7.10906273831e-014 0
-171.348403179 -171.348403179 0
-2.8019049449e-014 -601.894162023 0
-173.230664901 173.230664901 0
-6.12357831712e-015 601.894162023 0
173.230664901 173.230664901 0
601.894162023 1.15522079444e-013 0
173.230664901 -173.230664901 0
-601.894162023 7.1875976003e-014 0
-173.230664901 -173.230664901 0
-2.83282774612e-014 -608.491658936 0
-175.112862382 175.112862382 0
-6.19565446819e-015 608.491658936 0
175.112862382 175.112862382 0
608.491658936 1.16786268071e-013 0
175.112862382 -175.112862382 0
-608.491658936 7.26613068352e-014 0
-175.112862382 -175.112862382 0
-2.86375003911e-014 -615.089070275 0
-176.994997004 176.994997004 0
-6.26774163068e-015 615.089070275 0
176.994997004 176.994997004 0
615.089070275 1.18050438487e-013 0
176.994997004 -176.994997004 0
-615.089070275 7.34466215738e-014 0
-176.994997004 -176.994997004 0
-2.89467182388e-014 -621.686397874 0
-178.877070103 178.877070103 0
-6.33984615735e-015 621.686397874 0
178.877070103 178.877070103 0
621.686397874 1.19314589845e-013 0
178.877070103 -178.877070103 0
-621.686397874 7.42319210658e-014 0
-178.877070103 -178.877070103 0
-2.92559318514e-014 -628.283643513 0
-180.759082973 180.759082973 0
-6.41196720116e-015 628.283643513 0
180.759082973 180.759082973 0
628.283643513 1.20578720026e-013 0
180.759082973 -180.759082973 0
-628.283643513 7.50172078523e-014 0
-180.759082973 -180.759082973 0
-2.95651446169e-014 -634.880808912 0
-182.641036869 182.641036869 0
-6.48409798585e-015 634.880808912 0
182.641036869 182.641036869 0
634.880808912 1.21842832526e-013 0
182.641036869 -182.641036869 0
-634.880808912 7.58024844744e-014 0
-182.641036869 -182.641036869 0
-2.98743616176e-014 -641.47789574 0
-184.522933006 184.522933006 0
-6.55623829966e-015 641.47789574 0
184.522933006 184.522933006 0
641.47789574 1.23106926497e-013 0
184.522933006 -184.522933006 0
-641.47789574 7.6587750085e-014 0
-184.522933006 -184.522933006 0
-3.01835820064e-014 -648.074905611 0
-186.404772562 186.404772562 0
-6.62839089544e-015 648.074905611 0
186.404772562 186.404772562 0
648.074905611 1.24371004586e-013 0
186.404772562 -186.404772562 0
-648.074905611 7.73730063784e-014 0
-186.404772562 -186.404772562 0
-3.04928023952e-014 -654.671840094 0
-188.286556679 188.286556679 0
-6.70055460854e-015 654.671840094 0
188.286556679 188.286556679 0
654.671840094 1.25635068382e-013 0
188.286556679 -188.286556679 0
-654.671840094 7.81582516602e-014 0
-188.286556679 -188.286556679 0
-3.08020236311e-014 -661.268700707 0
-190.168286466 190.168286466 0
-6.77272901542e-015 661.268700707 0
190.168286466 190.168286466 0
661.268700707 1.26899117778e-013 0
190.168286466 -190.168286466 0
-661.268700707 7.89434816955e-014 0
-190.168286466 -190.168286466 0
-3.1111245714e-014 -667.865488925 0
-192.049962998 192.049962998 0
-6.84491602193e-015 667.865488925 0
192.049962998 192.049962998 0
667.865488925 1.28163150127e-013 0
192.049962998 -192.049962998 0
-667.865488925 7.97286964842e-014 0
-192.049962998 -192.049962998 0
-3.14204661028e-014 -674.462206178 0
-193.931587318 193.931587318 0
-6.91711403986e-015 674.462206178 0
193.931587318 193.931587318 0
674.462206178 1.29427159819e-013 0
193.931587318 -193.931587318 0
-674.462206178 8.05138994145e-014 0
-193.931587318 -193.931587318 0
-3.17296822565e-014 -681.058853854 0
-195.81316044 195.81316044 0
-6.98932243394e-015 681.058853854 0
195.81316044 195.81316044 0
681.058853854 1.30691148122e-013 0
195.81316044 -195.81316044 0
-681.058853854 8.12990913333e-014 0
-195.81316044 -195.81316044 0
-3.2038895022e-014 -687.655433302 0
-197.694683347 197.694683347 0
-7.06154300412e-015 687.655433302 0
197.694683347 197.694683347 0
687.655433302 1.31955118532e-013 0
197.694683347 -197.694683347 0
-687.655433302 8.20842696996e-014 0
-197.694683347 -197.694683347 0
-3.23481077875e-014 -694.25194583 0
-199.576156995 199.576156995 0
-7.13377437397e-015 694.25194583 0
199.576156995 199.576156995 0
694.25194583 1.3321906999e-013 0
199.576156995 -199.576156995 0
-694.25194583 8.28694336663e-014 0
-199.576156995 -199.576156995 0
-3.26573180119e-014 -700.84839271 0
-201.457582312 201.457582312 0
-7.20601707289e-015 700.84839271 0
201.457582312 201.457582312 0
700.84839271 1.34483005778e-013 0
201.457582312 -201.457582312 0
-700.84839271 8.36545857745e-014 0
-201.457582312 -201.457582312 0
-3.29665265423e-014 -707.444775178 0
-203.338960203 203.338960203 0
-7.27827110087e-015 707.444775178 0
203.338960203 203.338960203 0
707.444775178 1.35746926636e-013 0
203.338960203 -203.338960203 0
-707.444775178 8.44397234832e-014 0
-203.338960203 -203.338960203 0
-3.32757359197e-014 -714.041094435 0
-205.220291543 205.220291543 0
-7.35053412858e-015 714.041094435 0
205.220291543 205.220291543 0
714.041094435 1.37010829496e-013 0
205.220291543 -205.220291543 0
-714.041094435 8.52248450983e-014 0
-205.220291543 -205.220291543 0
-3.35849440265e-014 -720.63735165 0
-207.101577187 207.101577187 0
-7.42280372079e-015 720.63735165 0
207.101577187 207.101577187 0
720.63735165 1.38274715414e-013 0
207.101577187 -207.101577187 0
-720.63735165 8.60099514668e-014 0
-207.101577187 -207.101577187 0
-3.38941495923e-014 -727.233547959 0
-208.982817964 208.982817964 0
-7.49508252449e-015 727.233547959 0
208.982817964 208.982817964 0
727.233547959 1.39538583863e-013 0
208.982817964 -208.982817964 0
-727.233547959 8.67950404711e-014 0
-208.982817964 -208.982817964 0
-3.4203353464e-014 -733.829684465 0
-210.864014683 210.864014683 0
-7.56737318665e-015 733.829684465 0
210.864014683 210.864014683 0
733.829684465 1.40802434523e-013 0
210.864014683 -210.864014683 0
-733.829684465 8.75801129583e-014 0
-210.864014683 -210.864014683 0
-3.45125573357e-014 -740.425762245 0
-212.745168129 212.745168129 0
-7.63967464848e-015 740.425762245 0
212.745168129 212.745168129 0
740.425762245 1.42066266867e-013 0
212.745168129 -212.745168129 0
-740.425762245 8.83651731634e-014 0
-212.745168129 -212.745168129 0
-3.48217620544e-014 -747.021782345 0
-214.626279068 214.626279068 0
-7.71198807465e-015 747.021782345 0
214.626279068 214.626279068 0
747.021782345 1.43330078776e-013 0
214.626279068 -214.626279068 0
-747.021782345 8.91502215102e-014 0
-214.626279068 -214.626279068 0
-3.51309671966e-014 -753.617745783 0
-216.507348245 216.507348245 0
-7.78431357103e-015 753.617745783 0
216.507348245 216.507348245 0
753.617745783 1.44593873321e-013 0
216.507348245 -216.507348245 0
-753.617745783 8.9935259269e-014 0
-216.507348245 -216.507348245 0
-3.54401697977e-014 -760.213653551 0
-218.388376385 218.388376385 0
-7.85664944358e-015 760.213653551 0
218.388376385 218.388376385 0
760.213653551 1.45857649761e-013 0
218.388376385 -218.388376385 0
-760.213653551 9.07202838988e-014 0
-218.388376385 -218.388376385 0
-3.57493694342e-014 -766.809506617 0
-220.269364195 220.269364195 0
-7.92899262178e-015 766.809506617 0
220.269364195 220.269364195 0
766.809506617 1.47121406189e-013 0
220.269364195 -220.269364195 0
-766.809506617 9.1505293282e-014 0
-220.269364195 -220.269364195 0
-3.60585682237e-014 -773.40530592 0
-222.150312365 222.150312365 0
-8.00134257624e-015 773.40530592 0
222.150312365 222.150312365 0
773.40530592 1.48385146736e-013 0
222.150312365 -222.150312365 0
-773.40530592 9.22902908067e-014 0
-222.150312365 -222.150312365 0
-3.63677670132e-014 -780.001052377 0
-224.031221564 224.031221564 0
-8.07370078928e-015 780.001052377 0
224.031221564 224.031221564 0
780.001052377 1.49648873941e-013 0
224.031221564 -224.031221564 0
-780.001052377 9.3075274779e-014 0
-224.031221564 -224.031221564 0
-3.66769670732e-014 -786.596746884 0
-225.912092449 225.912092449 0
-8.14606609621e-015 786.596746884 0
225.912092449 225.912092449 0
786.596746884 1.50912587383e-013 0
225.912092449 -225.912092449 0
-786.596746884 9.38602460457e-014 0
-225.912092449 -225.912092449 0
-3.69861684038e-014 -793.19239031 0
-227.792925656 227.792925656 0
-8.21843870881e-015 793.19239031 0
227.792925656 227.792925656 0
793.19239031 1.52176289495e-013 0
227.792925656 -227.792925656 0
-793.19239031 9.4645206301e-014 0
-227.792925656 -227.792925656 0
-3.72953697344e-014 -799.787983505 0
-229.673721808 229.673721808 0
-8.29082074465e-015 799.787983505 0
229.673721808 229.673721808 0
799.787983505 1.53439981761e-013 0
229.673721808 -229.673721808 0
-799.787983505 9.54301563919e-014 0
-229.673721808 -229.673721808 0
