10
1.0 5.0 0
16.0 5.0 0
31.0 5.0 0
46.0 5.0 0
61.0 5.0 0
76.0 5.0 0
91.0 5.0 0
106.0 5.0 0
121.0 5.0 0
136.0 5.0 0
1.02054050153 5.0 0
16.0070358102 5.0 0
31.0034923727 5.0 0
46.0017379056 5.0 0
61.0005336 5.0 0
75.9994664 5.0 0
90.9982620944 5.0 0
105.996507627 5.0 0
120.99296419 5.0 0
135.979459498 5.0 0
1.08219245258 5.0 0
16.0281276902 5.0 0
31.0139638928 5.0 0
46.0069494136 5.0 0
61.0021337942 5.0 0
75.9978662058 5.0 0
90.9930505864 5.0 0
105.986036107 5.0 0
120.97187231 5.0 0
135.917807547 5.0 0
1.18507818076 5.0 0
16.0632129739 5.0 0
31.0313921138 5.0 0
46.0156256782 5.0 0
61.0047981568 5.0 0
75.9952018432 5.0 0
90.9843743218 5.0 0
105.968607886 5.0 0
120.936787026 5.0 0
135.814921819 5.0 0
1.32944462927 5.0 0
16.1121643438 5.0 0
31.0557319245 5.0 0
46.0277489646 5.0 0
61.0085218281 5.0 0
75.9914781719 5.0 0
90.9722510354 5.0 0
105.944268075 5.0 0
120.887835656 5.0 0
135.670555371 5.0 0
1.51566823923 5.0 0
16.1747855337 5.0 0
31.0869151136 5.0 0
46.043292569 5.0 0
61.0132974991 5.0 0
75.9867025009 5.0 0
90.956707431 5.0 0
105.913084886 5.0 0
120.825214466 5.0 0
135.484331761 5.0 0
1.74426278437 5.0 0
16.2508043576 5.0 0
31.1248497151 5.0 0
46.0622207041 5.0 0
61.019115391 5.0 0
75.980884609 5.0 0
90.9377792959 5.0 0
105.875150285 5.0 0
120.749195642 5.0 0
135.255737216 5.0 0
2.01589060359 5.0 0
16.3398626187 5.0 0
31.169419131 5.0 0
46.0844883495 5.0 0
61.0259632282 5.0 0
75.9740367718 5.0 0
90.9155116505 5.0 0
105.830580869 5.0 0
120.660137381 5.0 0
134.984109396 5.0 0
2.33137790835 5.0 0
16.4415022278 5.0 0
31.2204810276 5.0 0
46.1100410706 5.0 0
61.0338262069 5.0 0
75.9661737931 5.0 0
90.8899589294 5.0 0
105.779518972 5.0 0
120.558497772 5.0 0
134.668622092 5.0 0
2.69173515438 5.0 0
16.5551465393 5.0 0
31.2778660033 5.0 0
46.1388148032 5.0 0
61.0426869571 5.0 0
75.9573130429 5.0 0
90.8611851968 5.0 0
105.722133997 5.0 0
120.444853461 5.0 0
134.308264846 5.0 0
3.09818390824 5.0 0
16.6800754771 5.0 0
31.3413760251 5.0 0
46.1707356084 5.0 0
61.0525255004 5.0 0
75.9474744996 5.0 0
90.8292643916 5.0 0
105.658623975 5.0 0
120.319924523 5.0 0
133.901816092 5.0 0
3.55219228522 5.0 0
16.8153923682 5.0 0
31.4107826378 5.0 0
46.2057193982 5.0 0
61.063319203 5.0 0
75.936680797 5.0 0
90.7942806018 5.0 0
105.589217362 5.0 0
120.184607632 5.0 0
133.447807715 5.0 0
4.05552201237 5.0 0
16.9599794255 5.0 0
31.4858249465 5.0 0
46.2436716335 5.0 0
61.0750427236 5.0 0
75.9249572764 5.0 0
90.7563283665 5.0 0
105.514175054 5.0 0
120.040020574 5.0 0
132.944477988 5.0 0
4.61029169843 5.0 0
17.1124372886 5.0 0
31.5662073831 5.0 0
46.2844869972 5.0 0
61.0876679577 5.0 0
75.9123320423 5.0 0
90.7155130028 5.0 0
105.433792617 5.0 0
119.887562711 5.0 0
132.389708302 5.0 0
5.21906336435 5.0 0
17.271001556 5.0 0
31.6515972685 5.0 0
46.3280490417 5.0 0
61.1011639772 5.0 0
75.8988360228 5.0 0
90.6719509583 5.0 0
105.348402732 5.0 0
119.728998444 5.0 0
131.780936636 5.0 0
5.8849634414 5.0 0
17.4334250928 5.0 0
31.7416221812 5.0 0
46.3742298131 5.0 0
61.1154969655 5.0 0
75.8845030345 5.0 0
90.6257701869 5.0 0
105.258377819 5.0 0
119.566574907 5.0 0
131.115036559 5.0 0
6.61185673144 5.0 0
17.5968076195 5.0 0
31.8358671429 5.0 0
46.4228894458 5.0 0
61.1306301467 5.0 0
75.8693698533 5.0 0
90.5771105542 5.0 0
105.164132857 5.0 0
119.403192381 5.0 0
130.388143269 5.0 0
7.40460527461 5.0 0
17.7573406728 5.0 0
31.9338715993 5.0 0
46.47387572 5.0 0
61.1465237077 5.0 0
75.8534762923 5.0 0
90.52612428 5.0 0
105.066128401 5.0 0
119.242659327 5.0 0
129.595394725 5.0 0
8.26947044775 5.0 0
17.9099097357 5.0 0
32.0351261139 5.0 0
46.5270235592 5.0 0
61.1631347081 5.0 0
75.8368652919 5.0 0
90.4729764408 5.0 0
104.964873886 5.0 0
119.090090264 5.0 0
128.730529552 5.0 0
9.21477232906 5.0 0
18.0474398158 5.0 0
32.1390685226 5.0 0
46.5821544267 5.0 0
61.180416971 5.0 0
75.819583029 5.0 0
90.4178455733 5.0 0
104.860931477 5.0 0
118.952560184 5.0 0
127.785227671 5.0 0
10.2520495551 5.0 0
18.1597419979 5.0 0
32.2450789266 5.0 0
46.6390755373 5.0 0
61.1983209413 5.0 0
75.8016790587 5.0 0
90.3609244627 5.0 0
104.754921073 5.0 0
118.840258002 5.0 0
126.747950445 5.0 0
11.3983013391 5.0 0
18.2312810294 5.0 0
32.352472029 5.0 0
46.6975787199 5.0 0
61.2167934847 5.0 0
75.7832065153 5.0 0
90.3024212801 5.0 0
104.647527971 5.0 0
118.768718971 5.0 0
125.601698661 5.0 0
12.6809418758 5.0 0
18.2362377463 5.0 0
32.4604832629 5.0 0
46.7574385988 5.0 0
61.2357775782 5.0 0
75.7642224218 5.0 0
90.2425614012 5.0 0
104.539516737 5.0 0
118.763762254 5.0 0
124.319058124 5.0 0
14.1512686342 5.0 0
18.1250747164 5.0 0
32.5682398554 5.0 0
46.8184093596 5.0 0
61.255211785 5.0 0
75.744788215 5.0 0
90.1815906404 5.0 0
104.431760145 5.0 0
118.874925284 5.0 0
122.848731366 5.0 0
15.937795379 5.0 0
17.7712815102 5.0 0
32.6746921457 5.0 0
46.8802182531 5.0 0
61.2750292483 5.0 0
75.7249707517 5.0 0
90.1197817469 5.0 0
104.325307854 5.0 0
119.22871849 5.0 0
121.062204621 5.0 0
18.8401098818 5.0 0
16.3777383439 5.0 0
32.7784151214 5.0 0
46.9425495491 5.0 0
61.2951553203 5.0 0
75.7048446797 5.0 0
90.0574504509 5.0 0
104.221584879 5.0 0
120.622261656 5.0 0
118.159890118 5.0 0
22.1813277842 5.0 0
14.6256676006 5.0 0
32.876327542 5.0 0
47.0049548767 5.0 0
61.3154948252 5.0 0
75.6845051748 5.0 0
89.9950451233 5.0 0
104.123672458 5.0 0
122.374332399 5.0 0
114.818672216 5.0 0
25.0342490797 5.0 0
13.4549397042 5.0 0
32.9576822176 5.0 0
47.0665194603 5.0 0
61.3358870833 5.0 0
75.6641129167 5.0 0
89.9334805397 5.0 0
104.042317782 5.0 0
123.545060296 5.0 0
111.96575092 5.0 0
27.9074173265 5.0 0
12.3887597627 5.0 0
32.9936191067 5.0 0
47.1256211602 5.0 0
61.35608063 5.0 0
75.64391937 5.0 0
89.8743788398 5.0 0
104.006380893 5.0 0
124.611240237 5.0 0
109.092582674 5.0 0
30.9353053105 5.0 0
11.3844734678 5.0 0
32.8963864432 5.0 0
47.1797202001 5.0 0
61.3757250294 5.0 0
75.6242749706 5.0 0
89.8202797999 5.0 0
104.103613557 5.0 0
125.615526532 5.0 0
106.064694689 5.0 0
34.8719686449 5.0 0
10.4256375369 5.0 0
31.9344133997 5.0 0
47.2246450048 5.0 0
61.3943262686 5.0 0
75.6056737314 5.0 0
89.7753549952 5.0 0
105.0655866 5.0 0
126.574362463 5.0 0
102.128031355 5.0 0
39.2751627818 5.0 0
9.50379286178 5.0 0
30.5696001348 5.0 0
47.2516521783 5.0 0
61.4111083505 5.0 0
75.5888916495 5.0 0
89.7483478217 5.0 0
106.430399865 5.0 0
127.496207138 5.0 0
97.7248372182 5.0 0
43.3695709176 5.0 0
8.61437280885 5.0 0
29.6170279543 5.0 0
47.2294416262 5.0 0
61.4244863226 5.0 0
75.5755136774 5.0 0
89.7705583738 5.0 0
107.382972046 5.0 0
128.385627191 5.0 0
93.6304290824 5.0 0
47.6786116109 5.0 0
7.7548331286 5.0 0
28.7405774885 5.0 0
46.979854153 5.0 0
61.4311748307 5.0 0
75.5688251693 5.0 0
90.020145847 5.0 0
108.259422511 5.0 0
129.245166871 5.0 0
89.3213883891 5.0 0
46.0534267877 5.0 0
6.92346803024 5.0 0
27.9067645965 5.0 0
52.6990080956 5.0 0
61.4239023704 5.0 0
75.5760976296 5.0 0
84.3009919037 5.0 0
109.093235403 5.0 0
130.07653197 5.0 0
90.9465732131 5.0 0
38.3728356936 5.0 0
6.11911071936 5.0 0
27.1037096335 5.0 0
64.5544731002 5.0 0
61.3774133935 5.0 0
75.6225866065 5.0 0
72.4455268976 5.0 0
109.896290366 5.0 0
130.880889281 5.0 0
98.6271643087 5.0 0
30.7600451952 5.0 0
5.34171150506 5.0 0
26.3398227922 5.0 0
76.1599962916 5.0 0
61.6327366548 5.0 0
75.3672633456 5.0 0
60.8400037043 5.0 0
110.660177208 5.0 0
131.658288495 5.0 0
106.239954809 5.0 0
22.9897539085 5.0 0
4.59334031045 5.0 0
25.7568542138 5.0 0
82.7385060602 5.0 0
57.4703404859 5.0 0
79.529659571 5.0 0
54.2614938777 5.0 0
111.243145786 5.0 0
132.40665969 5.0 0
114.010246097 5.0 0
15.4634242651 5.0 0
3.87989280104 5.0 0
24.9402487144 5.0 0
84.2231519579 5.0 0
48.2740159998 5.0 0
88.7259841907 5.0 0
52.7768478447 5.0 0
112.059751283 5.0 0
133.120107199 5.0 0
121.536575744 5.0 0
8.34659402343 5.0 0
3.21948007681 5.0 0
23.7064044996 5.0 0
85.5616264814 5.0 0
38.9370711011 5.0 0
98.0629292705 5.0 0
51.4383731387 5.0 0
113.293595494 5.0 0
133.780519923 5.0 0
128.653405992 5.0 0
1.15267058044 5.0 0
2.71888380995 5.0 0
22.4435140484 5.0 0
87.068436516 5.0 0
29.7484040169 5.0 0
107.251596565 5.0 0
49.9315628934 5.0 0
114.55648594 5.0 0
134.281116189 5.0 0
135.847329441 5.0 0
-4.8999534918 5.0 0
1.13551108714 5.0 0
21.2276611817 5.0 0
88.6048847417 5.0 0
20.5096447152 5.0 0
116.49035609 5.0 0
48.3951144533 5.0 0
115.772338792 5.0 0
135.864488875 5.0 0
141.899953555 5.0 0
-9.62264649808 5.0 0
-1.72146423197 5.0 0
14.2316888263 5.0 0
90.1570712338 5.0 0
17.0315102366 5.0 0
119.968504274 5.0 0
46.8429277448 5.0 0
122.768297654 5.0 0
138.721464119 5.0 0
146.622646641 5.0 0
-14.1923645713 5.0 0
-4.66833644664 5.0 0
1.77780519583 5.0 0
91.7207592739 5.0 0
18.9775067717 5.0 0
118.022542606 5.0 0
45.2792394859 5.0 0
135.222146625 5.0 0
141.668336259 5.0 0
151.192364801 5.0 0
-18.653409848 5.0 0
-7.59399158874 5.0 0
-10.3772426778 5.0 0
93.2945782335 5.0 0
20.5202850693 5.0 0
116.479807027 5.0 0
43.7054202924 5.0 0
147.377150878 5.0 0
144.59399238 5.0 0
155.653410235 5.0 0
-22.9934003154 5.0 0
-10.8792033167 5.0 0
-22.2548751263 5.0 0
94.8793745671 5.0 0
22.0487511523 5.0 0
114.951383946 5.0 0
42.1206236681 5.0 0
159.25471164 5.0 0
147.879231895 5.0 0
159.993401891 5.0 0
-21.7351775241 5.0 0
-14.6096527572 5.0 0
-39.2608646229 5.0 0
96.4776955554 5.0 0
23.5784356604 5.0 0
113.42174271 5.0 0
40.5223022455 5.0 0
176.258142751 5.0 0
151.609735738 5.0 0
158.737640243 5.0 0
-14.898326428 5.0 0
-18.4394212661 5.0 0
-61.7273886364 5.0 0
98.0941634943 5.0 0
25.1188012322 5.0 0
111.881420722 5.0 0
38.9058335106 5.0 0
198.719641452 5.0 0
155.439521158 5.0 0
151.905754761 5.0 0
-8.24637266 5.0 0
-22.0885586166 5.0 0
-84.1733988361 5.0 0
99.7372166763 5.0 0
26.6801159609 5.0 0
110.320149649 5.0 0
37.2627784895 5.0 0
221.160617689 5.0 0
159.087643799 5.0 0
145.259807849 5.0 0
-1.84305723104 5.0 0
-25.4791494127 5.0 0
-106.613298304 5.0 0
101.42373534 5.0 0
28.2790818526 5.0 0
108.721226931 5.0 0
35.5762549942 5.0 0
243.595480774 5.0 0
162.476194276 5.0 0
138.863530779 5.0 0
4.54939002707 5.0 0
-28.8447660791 5.0 0
-129.04984998 5.0 0
103.19534497 5.0 0
29.9556949265 5.0 0
107.044657236 5.0 0
33.804631079 5.0 0
266.026994776 5.0 0
165.839727538 5.0 0
132.478175507 5.0 0
10.9487165676 5.0 0
-32.1984425389 5.0 0
-151.484202923 5.0 0
105.229849593 5.0 0
31.8842035913 5.0 0
105.116222266 5.0 0
31.7700587278 5.0 0
288.456309212 5.0 0
169.191304338 5.0 0
126.085981166 5.0 0
17.3673841989 5.0 0
-35.5441229911 5.0 0
-173.916971637 5.0 0
-124.997483741 5.0 0
-196.364587286 5.0 0
335.468397273 5.0 0
259.893951923 5.0 0
310.884038819 5.0 0
172.534876138 5.0 0
119.674517303 5.0 0
23.7983178004 5.0 0
-38.8856973093 5.0 0
-196.353425685 5.0 0
-587.693068921 5.0 0
-654.982399155 5.0 0
798.29393345 5.0 0
718.382582614 5.0 0
333.314562778 5.0 0
175.87435166 5.0 0
113.250842768 5.0 0
30.2281175198 5.0 0
-42.2257214259 5.0 0
-218.794023792 5.0 0
-1050.39044737 5.0 0
-1113.59268746 5.0 0
1261.11319927 5.0 0
1176.87262424 5.0 0
355.748340224 5.0 0
179.21228888 5.0 0
106.828309903 5.0 0
36.6576786585 5.0 0
-45.5642056764 5.0 0
-241.234206648 5.0 0
-1513.08916764 5.0 0
-1572.20150228 5.0 0
1723.93151409 5.0 0
1635.36348472 5.0 0
378.181702503 5.0 0
182.548683617 5.0 0
100.406018654 5.0 0
43.0877164329 5.0 0
-48.9014207709 5.0 0
-263.674028062 5.0 0
-1975.78947338 5.0 0
-2030.80868422 5.0 0
2186.74900122 5.0 0
2093.85512539 5.0 0
400.614703198 5.0 0
185.883807052 5.0 0
93.9832531403 5.0 0
49.5191192527 5.0 0
-52.2375500406 5.0 0
-286.113542744 5.0 0
-2438.49161673 5.0 0
-2489.41400353 5.0 0
2649.565746 5.0 0
2552.34748336 5.0 0
423.047397017 5.0 0
189.217842855 5.0 0
87.559124561 5.0 0
55.9533978023 5.0 0
-55.5727204974 5.0 0
-308.552794565 5.0 0
-2901.19590114 5.0 0
-2948.01716622 5.0 0
3112.38181791 5.0 0
3010.84049862 5.0 0
445.479827844 5.0 0
192.550918261 5.0 0
81.1321219812 5.0 0
62.394260538 5.0 0
-58.9070221539 5.0 0
-330.991818526 5.0 0
-3363.9027068 5.0 0
-3406.61779702 5.0 0
3575.19727602 5.0 0
3469.33411704 5.0 0
467.912030692 5.0 0
195.883123423 5.0 0
74.698536785 5.0 0
68.8595633644 5.0 0
-62.2405196196 5.0 0
-353.430642894 5.0 0
-3826.61252271 5.0 0
-3865.21540982 5.0 0
4038.01217144 5.0 0
3927.8282904 5.0 0
490.344033841 5.0 0
199.214523031 5.0 0
68.2405129729 5.0 0
67.5124107448 5.0 0
-65.5732592985 5.0 0
-375.869290829 5.0 0
-4289.32599487 5.0 0
-4323.80936048 5.0 0
4500.82654894 5.0 0
4386.32297577 5.0 0
512.775860459 5.0 0
202.545163524 5.0 0
69.594946035 5.0 0
59.0250845117 5.0 0
-68.9052764992 5.0 0
-398.307781573 5.0 0
-4752.04400304 5.0 0
-4782.39877049 5.0 0
4963.64044803 5.0 0
4844.81813493 5.0 0
535.207529798 5.0 0
205.87508022 5.0 0
78.0895541215 5.0 0
51.2380419491 5.0 0
-72.236597848 5.0 0
-420.746131305 5.0 0
-5214.767791 5.0 0
-5240.98239697 5.0 0
5426.45390377 5.0 0
5303.31373368 5.0 0
557.639058042 5.0 0
209.204299727 5.0 0
85.8838799563 5.0 0
43.4616345202 5.0 0
-75.5672389586 5.0 0
-443.184353734 5.0 0
-5677.4992026 5.0 0
-5699.55839672 5.0 0
5889.26694746 5.0 0
5761.80974138 5.0 0
580.07045891 5.0 0
212.532837605 5.0 0
93.6675721242 5.0 0
35.6887309535 5.0 0
-78.8972048553 5.0 0
-465.622460585 5.0 0
-6140.24114879 5.0 0
-6158.12385928 5.0 0
6352.07960719 5.0 0
6220.30613046 5.0 0
602.50174413 5.0 0
215.86069878 5.0 0
101.44776199 5.0 0
27.9174644212 5.0 0
-82.2264913718 5.0 0
-488.060461969 5.0 0
-6602.9986479 5.0 0
-6616.67376673 5.0 0
6814.89190823 5.0 0
6678.80287604 5.0 0
624.932923819 5.0 0
219.187878941 5.0 0
109.22631652 5.0 0
20.1470390404 5.0 0
-85.5550859759 5.0 0
-510.498366678 5.0 0
-7065.7815819 5.0 0
-7075.19823739 5.0 0
7277.70387341 5.0 0
7137.29995556 5.0 0
647.364006773 5.0 0
222.514365362 5.0 0
117.004031785 5.0 0
12.377021009 5.0 0
-88.8829681043 5.0 0
-532.936182407 5.0 0
-7528.61441405 5.0 0
-7533.67280824 5.0 0
7740.51552346 5.0 0
7595.79734857 5.0 0
669.795000691 5.0 0
225.840137232 5.0 0
124.781341834 5.0 0
4.6071320939 5.0 0
-92.210109097 5.0 0
-555.373915938 5.0 0
-7991.59839845 5.0 0
-7991.99622539 5.0 0
8203.32687722 5.0 0
8054.29503642 5.0 0
692.225912358 5.0 0
229.165165577 5.0 0
132.558525209 5.0 0
-3.16282984616 5.0 0
-95.5364717698 5.0 0
-577.811573278 5.0 0
-8473.66456063 5.0 0
-8431.23746348 5.0 0
8666.1379519 5.0 0
8512.79300206 5.0 0
714.656747785 5.0 0
232.489412817 5.0 0
140.335784443 5.0 0
-10.9330275747 5.0 0
-98.8620096211 5.0 0
-600.249159779 5.0 0
-8974.69392917 5.0 0
-8851.51549407 5.0 0
9128.94876324 5.0 0
8971.2912299 5.0 0
737.087512327 5.0 0
235.812831959 5.0 0
148.113282789 5.0 0
-18.7036040575 5.0 0
-102.186665639 5.0 0
-622.686680233 5.0 0
-9475.72143192 5.0 0
-9271.79538941 5.0 0
9591.75932567 5.0 0
9429.78970562 5.0 0
759.518210777 5.0 0
239.135365373 5.0 0
155.891163828 5.0 0
-26.4746944119 5.0 0
-105.510370631 5.0 0
-645.124138945 5.0 0
-9976.74866423 5.0 0
-9692.07555428 5.0 0
10054.5696525 5.0 0
9888.28841604 5.0 0
781.948847443 5.0 0
242.45694309 5.0 0
163.669563452 5.0 0
-34.2464343279 5.0 0
-108.833040959 5.0 0
-667.561539801 5.0 0
-10477.7757869 5.0 0
-10112.3558279 5.0 0
10517.3797559 5.0 0
10346.787349 5.0 0
804.379426214 5.0 0
245.777480486 5.0 0
171.448618333 5.0 0
-42.0189670074 5.0 0
-112.154575488 5.0 0
-689.998886323 5.0 0
-10978.8028497 5.0 0
-10532.6361607 5.0 0
10980.1896473 5.0 0
10805.2864933 5.0 0
826.809950613 5.0 0
249.096875166 5.0 0
179.228472933 5.0 0
-49.7924498435 5.0 0
-115.474851481 5.0 0
-712.436181713 5.0 0
-11479.8298746 5.0 0
-10952.9165307 5.0 0
11442.999337 5.0 0
11263.7858384 5.0 0
849.240423843 5.0 0
252.41500276 5.0 0
187.009286275 5.0 0
-57.5670617673 5.0 0
-118.793719016 5.0 0
-734.873428888 5.0 0
-11980.8568733 5.0 0
-11373.1969262 5.0 0
11905.8088349 5.0 0
11722.2853748 5.0 0
871.670848826 5.0 0
255.731711206 5.0 0
194.791239428 5.0 0
-65.3430121896 5.0 0
-122.110993295 5.0 0
-757.310630521 5.0 0
-12481.8838528 5.0 0
-11793.4773403 5.0 0
12368.6181499 5.0 0
12180.7850935 5.0 0
894.101228232 5.0 0
259.046812852 5.0 0
202.574544656 5.0 0
-73.1205527086 5.0 0
-125.42644384 5.0 0
-779.74778906 5.0 0
-12982.9108176 5.0 0
-12213.7577686 5.0 0
12831.4272904 5.0 0
12639.2849861 5.0 0
916.531564513 5.0 0
262.360073348 5.0 0
210.359457427 5.0 0
-80.8999932946 5.0 0
-128.739778991 5.0 0
-802.184906759 5.0 0
-13483.9377707 5.0 0
-12634.0382081 5.0 0
13294.2362644 5.0 0
13097.7850448 5.0 0
938.961859923 5.0 0
265.671195658 5.0 0
218.146293086 5.0 0
-88.6817256945 5.0 0
-132.050623007 5.0 0
-824.621985694 5.0 0
-13984.9647144 5.0 0
-13054.3186565 5.0 0
13757.045079 5.0 0
13556.2852623 5.0 0
961.392116541 5.0 0
268.979796391 5.0 0
225.935451028 5.0 0
-96.4662587483 5.0 0
-135.358481151 5.0 0
-847.059027784 5.0 0
-14485.9916502 5.0 0
-13474.5991123 5.0 0
14219.8537412 5.0 0
14014.7856319 5.0 0
983.822336287 5.0 0
272.28536958 5.0 0
233.727451324 5.0 0
-104.254274127 5.0 0
-138.662684259 5.0 0
-869.496034809 5.0 0
-14987.0185794 5.0 0
-13894.8795743 5.0 0
14682.6622573 5.0 0
14473.2861471 5.0 0
1006.25252094 5.0 0
275.587228943 5.0 0
241.522992759 5.0 0
-112.046718953 5.0 0
-141.96229637 5.0 0
-891.933008416 5.0 0
-15488.045503 5.0 0
-14315.1600416 5.0 0
15145.4706333 5.0 0
14931.7868019 5.0 0
1028.68267215 5.0 0
278.884411192 5.0 0
249.323049783 5.0 0
-119.844969602 5.0 0
-145.255951121 5.0 0
-914.369950139 5.0 0
-15989.0724218 5.0 0
-14735.4405133 5.0 0
15608.278875 5.0 0
15390.2875908 5.0 0
1051.11279145 5.0 0
282.17550367 5.0 0
257.129045064 5.0 0
-127.651145294 5.0 0
-148.541538317 5.0 0
-936.806861409 5.0 0
-16490.0993363 5.0 0
-15155.720989 5.0 0
16071.0869877 5.0 0
15848.7885084 5.0 0
1073.54288027 5.0 0
285.458311387 5.0 0
264.943182617 5.0 0
-135.468775349 5.0 0
-151.815536813 5.0 0
-959.243743557 5.0 0
-16991.1262471 5.0 0
-15576.0014681 5.0 0
16533.8949763 5.0 0
16307.2895497 5.0 0
1095.97293995 5.0 0
288.729140139 5.0 0
272.769164818 5.0 0
-143.304448793 5.0 0
-155.071365011 5.0 0
-981.68059783 5.0 0
-17492.1531545 5.0 0
-15996.2819502 5.0 0
16996.7028455 5.0 0
16765.79071 5.0 0
1118.40297173 5.0 0
291.980993591 5.0 0
280.613995433 5.0 0
-151.172969986 5.0 0
-158.294225333 5.0 0
-1004.11742539 5.0 0
-17993.180059 5.0 0
-16416.562435 5.0 0
17459.5105998 5.0 0
17224.291985 5.0 0
1140.83297679 5.0 0
295.197775904 5.0 0
288.493777078 5.0 0
-159.122297301 5.0 0
-161.436165613 5.0 0
-1026.55422734 5.0 0
-18494.2069607 5.0 0
-16836.8429221 5.0 0
17922.3182435 5.0 0
17682.7933704 5.0 0
1163.2629562 5.0 0
298.324489093 5.0 0
296.463513947 5.0 0
-167.69136697 5.0 0
-163.958255319 5.0 0
-1048.99100471 5.0 0
-18995.2338601 5.0 0
-17257.1234115 5.0 0
18385.1257805 5.0 0
18141.2948622 5.0 0
1185.69291101 5.0 0
300.517688241 5.0 0
305.366656656 5.0 0
-176.605619983 5.0 0
-166.135058706 5.0 0
-1071.42775845 5.0 0
-19496.2607573 5.0 0
-17677.4039028 5.0 0
18847.9332146 5.0 0
18599.7964566 5.0 0
1208.12284218 5.0 0
301.971814398 5.0 0
315.008769398 5.0 0
-185.277071442 5.0 0
-168.554565486 5.0 0
-1093.86448947 5.0 0
-19997.2876525 5.0 0
-18097.6843959 5.0 0
19310.7405493 5.0 0
19058.2981502 5.0 0
1230.55275061 5.0 0
303.571205737 5.0 0
324.505518815 5.0 0
-193.910366441 5.0 0
-171.012134989 5.0 0
-1116.30119864 5.0 0
-20498.3145458 5.0 0
-18517.9648905 5.0 0
19773.5477881 5.0 0
19516.7999396 5.0 0
1252.98263717 5.0 0
305.19505698 5.0 0
333.977714608 5.0 0
-202.527160926 5.0 0
-173.486115344 5.0 0
-1138.73788675 5.0 0
-20999.3414374 5.0 0
-18938.2453867 5.0 0
20236.3549341 5.0 0
19975.3018214 5.0 0
1275.41250265 5.0 0
306.829332697 5.0 0
343.439396287 5.0 0
-211.134631757 5.0 0
-175.969333467 5.0 0
-1161.17455458 5.0 0
-21500.3683275 5.0 0
-19358.5258842 5.0 0
20699.1619904 5.0 0
20433.8037928 5.0 0
1297.84234782 5.0 0
308.469424667 5.0 0
352.895175842 5.0 0
-219.736078349 5.0 0
-178.458493438 5.0 0
-1183.61120283 5.0 0
-22001.3952161 5.0 0
-19778.806383 5.0 0
21161.96896 5.0 0
20892.3058507 5.0 0
1320.27217341 5.0 0
310.11323181 5.0 0
362.347157854 5.0 0
-228.333299979 5.0 0
-180.951799231 5.0 0
-1206.0478322 5.0 0
-22502.4221034 5.0 0
-20199.086883 5.0 0
21624.7758456 5.0 0
21350.8079924 5.0 0
1342.70198008 5.0 0
311.759615946 5.0 0
371.796483756 5.0 0
-236.92738875 5.0 0
-183.448161775 5.0 0
-1228.48444333 5.0 0
-23003.4489894 5.0 0
-20619.367384 5.0 0
22087.5826499 5.0 0
21809.3102153 5.0 0
1365.13176848 5.0 0
313.407890109 5.0 0
381.243843546 5.0 0
-245.519058508 5.0 0
-185.946870056 5.0 0
-1250.92103683 5.0 0
-23504.4758743 5.0 0
-21039.647886 5.0 0
22550.3893753 5.0 0
22267.8125168 5.0 0
1387.56153923 5.0 0
315.057607505 5.0 0
390.68968685 5.0 0
-254.108802031 5.0 0
-188.447433945 5.0 0
-1273.35761328 5.0 0
-24005.5027581 5.0 0
-21459.928389 5.0 0
23013.1960243 5.0 0
22726.3148947 5.0 0
1409.99129291 5.0 0
316.708461136 5.0 0
400.13432332 5.0 0
-262.69697407 5.0 0
-190.949501178 5.0 0
-1295.79417324 5.0 0
-24506.5296408 5.0 0
-21880.2088928 5.0 0
23476.0025991 5.0 0
23184.8173465 5.0 0
1432.42103006 5.0 0
318.360230971 5.0 0
409.577975474 5.0 0
-271.283838677 5.0 0
-193.452810038 5.0 0
-1318.23071723 5.0 0
-25007.5565226 5.0 0
-22300.4893975 5.0 0
23938.809102 5.0 0
23643.3198701 5.0 0
1454.85075122 5.0 0
320.012753947 5.0 0
419.020808711 5.0 0
-279.869597806 5.0 0
-195.957160771 5.0 0
-1340.66724575 5.0 0
-25508.5834034 5.0 0
-22720.7699029 5.0 0
24401.6155351 5.0 0
24101.8224634 5.0 0
1477.28045688 5.0 0
321.665905894 5.0 0
428.462949403 5.0 0
-288.454409444 5.0 0
-198.462397463 5.0 0
-1363.10375928 5.0 0
-26009.6102834 5.0 0
-23141.050409 5.0 0
24864.4219003 5.0 0
24560.3251244 5.0 0
1499.71014751 5.0 0
323.319590103 5.0 0
437.904496334 5.0 0
-297.03839956 5.0 0
-200.968396102 5.0 0
-1385.54025828 5.0 0
-26510.6371626 5.0 0
-23561.3309158 5.0 0
25327.2281996 5.0 0
25018.8278512 5.0 0
1522.13982357 5.0 0
324.97372981 5.0 0
447.345528227 5.0 0
-305.621670251 5.0 0
-203.475056444 5.0 0
-1407.97674318 5.0 0
-27011.6640411 5.0 0
-23981.6114233 5.0 0
25790.0344349 5.0 0
25477.3306419 5.0 0
1544.56948549 5.0 0
326.628263087 5.0 0
456.786108864 5.0 0
-314.204305438 5.0 0
-205.982296321 5.0 0
-1430.41321439 5.0 0
-27512.6909188 5.0 0
-24401.8919313 5.0 0
26252.8406078 5.0 0
25935.8334949 5.0 0
1566.99913369 5.0 0
328.283139269 5.0 0
466.226290664 5.0 0
-322.786374967 5.0 0
-208.49004755 5.0 0
-1452.84967231 5.0 0
-28013.7177958 5.0 0
-24822.1724399 5.0 0
26715.6467201 5.0 0
26394.3364083 5.0 0
1589.42876856 5.0 0
329.938316399 5.0 0
475.666117251 5.0 0
-331.3679376 5.0 0
-210.99825295 5.0 0
-1475.28611732 5.0 0
-28514.7446722 5.0 0
-25242.4529491 5.0 0
27178.4527733 5.0 0
26852.8393806 5.0 0
1611.85839047 5.0 0
331.593759352 5.0 0
485.105625328 5.0 0
-339.949043259 5.0 0
-213.506864098 5.0 0
-1497.72254979 5.0 0
-29015.7715479 5.0 0
-25662.7334588 5.0 0
27641.2587692 5.0 0
27311.3424103 5.0 0
1634.2879998 5.0 0
333.249438445 5.0 0
494.544846082 5.0 0
-348.529734725 5.0 0
-216.015839644 5.0 0
-1520.15897005 5.0 0
-29516.798423 5.0 0
-26083.0139689 5.0 0
28104.0647091 5.0 0
27769.8454958 5.0 0
1656.71759688 5.0 0
334.905328378 5.0 0
503.983806244 5.0 0
-357.110048944 5.0 0
-218.525144001 5.0 0
-1542.59537845 5.0 0
-30017.8252976 5.0 0
-26503.2944795 5.0 0
28566.8705945 5.0 0
28228.3486356 5.0 0
1679.14718205 5.0 0
336.56140742 5.0 0
513.422528906 5.0 0
-365.690018052 5.0 0
-221.034746334 5.0 0
-1565.0317753 5.0 0
-30518.8521717 5.0 0
-26923.5749906 5.0 0
29029.6764269 5.0 0
28686.8518285 5.0 0
1701.57675563 5.0 0
338.217656779 5.0 0
522.861034162 5.0 0
-374.269670178 5.0 0
-223.544619753 5.0 0
-1587.46816092 5.0 0
-31019.8790452 5.0 0
-27343.8555021 5.0 0
29492.4822074 5.0 0
29145.3550731 5.0 0
1724.00631792 5.0 0
339.8740601 5.0 0
532.299339606 5.0 0
-382.849030091 5.0 0
-226.054740674 5.0 0
-1609.90453558 5.0 0
-31520.9059182 5.0 0
-27764.136014 5.0 0
29955.2879374 5.0 0
29603.8583681 5.0 0
1746.43586921 5.0 0
341.530603071 5.0 0
541.737460737 5.0 0
-391.428119716 5.0 0
-228.565088305 5.0 0
-1632.34089959 5.0 0
-32021.9327907 5.0 0
-28184.4165263 5.0 0
30418.0936182 5.0 0
30062.3617122 5.0 0
1768.8654098 5.0 0
343.1872731 5.0 0
551.175411281 5.0 0
-400.006958559 5.0 0
-231.075644226 5.0 0
-1654.7772532 5.0 0
-32522.9596628 5.0 0
-28604.6970389 5.0 0
30880.8992509 5.0 0
30520.8651043 5.0 0
1791.29493994 5.0 0
344.844059056 5.0 0
560.613203457 5.0 0
-408.585564051 5.0 0
-233.586392046 5.0 0
-1677.21359668 5.0 0
-33023.9865345 5.0 0
-29024.9775519 5.0 0
31343.7048367 5.0 0
30979.3685433 5.0 0
1813.7244599 5.0 0
346.500951055 5.0 0
570.050848187 5.0 0
-417.163951837 5.0 0
-236.097317117 5.0 0
-1699.64993029 5.0 0
-33525.0134057 5.0 0
-29445.2580652 5.0 0
31806.5103767 5.0 0
31437.8720279 5.0 0
1836.15396992 5.0 0
348.157940287 5.0 0
579.48835528 5.0 0
-425.742136009 5.0 0
-238.608406303 5.0 0
-1722.08625426 5.0 0
-34026.0402765 5.0 0
-29865.5385789 5.0 0
32269.315872 5.0 0
31896.3755573 5.0 0
1858.58347026 5.0 0
349.815018868 5.0 0
588.925733579 5.0 0
-434.320129315 5.0 0
-241.119647777 5.0 0
-1744.52256882 5.0 0
-34527.067147 5.0 0
-30285.8190928 5.0 0
32732.1213235 5.0 0
32354.8791302 5.0 0
1881.01296115 5.0 0
351.472179719 5.0 0
598.362991082 5.0 0
-442.897943317 5.0 0
-243.631030859 5.0 0
-1766.95887421 5.0 0
-35028.094017 5.0 0
-30706.0996071 5.0 0
33194.9267324 5.0 0
32813.3827458 5.0 0
1903.4424428 5.0 0
353.12941646 5.0 0
607.800135053 5.0 0
-451.475588542 5.0 0
-246.142545874 5.0 0
-1789.39517064 5.0 0
-35529.1208868 5.0 0
-31126.3801216 5.0 0
33657.7320995 5.0 0
33271.8864031 5.0 0
1925.87191544 5.0 0
354.786723329 5.0 0
617.237172105 5.0 0
-460.053074598 5.0 0
-248.654184029 5.0 0
-1811.83145832 5.0 0
-36030.1477561 5.0 0
-31546.6606364 5.0 0
34120.5374258 5.0 0
33730.3901011 5.0 0
1948.30137927 5.0 0
356.444095103 5.0 0
626.67410828 5.0 0
-468.630410283 5.0 0
-251.165937316 5.0 0
-1834.26773745 5.0 0
-36531.1746251 5.0 0
-31966.9411515 5.0 0
34583.3427121 5.0 0
34188.893839 5.0 0
1970.73083449 5.0 0
358.101527036 5.0 0
636.110949112 5.0 0
-477.207603672 5.0 0
-253.677798419 5.0 0
-1856.70400823 5.0 0
-37032.2014938 5.0 0
-32387.2216669 5.0 0
35046.1479594 5.0 0
34647.3976158 5.0 0
1993.1602813 5.0 0
359.759014805 5.0 0
645.547699683 5.0 0
-485.784662195 5.0 0
-256.189760639 5.0 0
-1879.14027083 5.0 0
-37533.2283622 5.0 0
-32807.5021824 5.0 0
35508.9531686 5.0 0
35105.9014308 5.0 0
2015.58971989 5.0 0
361.416554464 5.0 0
654.984364673 5.0 0
-494.361592706 5.0 0
-258.70181783 5.0 0
-1901.57652546 5.0 0
-38034.2552303 5.0 0
-33227.7826983 5.0 0
35971.7583403 5.0 0
35564.405283 5.0 0
2038.01915044 5.0 0
363.074142401 5.0 0
664.420948399 5.0 0
-502.93840154 5.0 0
-261.213964338 5.0 0
-1924.01277227 5.0 0
-38535.2820981 5.0 0
-33648.0632143 5.0 0
36434.5634754 5.0 0
36022.9091719 5.0 0
2060.44857312 5.0 0
364.731775304 5.0 0
673.857454855 5.0 0
-511.515094564 5.0 0
-263.726194954 5.0 0
-1946.44901145 5.0 0
-39036.3089656 5.0 0
-34068.3437306 5.0 0
36897.3685748 5.0 0
36481.4130964 5.0 0
2082.8779881 5.0 0
366.389450133 5.0 0
683.293887743 5.0 0
-520.091677225 5.0 0
-266.238504868 5.0 0
-1968.88524315 5.0 0
-39537.3358329 5.0 0
-34488.6242471 5.0 0
37360.173639 5.0 0
36939.9170561 5.0 0
2105.30739555 5.0 0
368.047164085 5.0 0
692.7302505 5.0 0
-528.668154589 5.0 0
-268.75088963 5.0 0
-1991.32146754 5.0 0
-40038.3626999 5.0 0
-34908.9047638 5.0 0
37822.9786688 5.0 0
37398.42105 5.0 0
2127.73679563 5.0 0
369.704914579 5.0 0
702.166546323 5.0 0
-537.244531374 5.0 0
-271.263345118 5.0 0
-2013.75768476 5.0 0
-40539.3895666 5.0 0
-35329.1852806 5.0 0
38285.783665 5.0 0
37856.9250775 5.0 0
2150.16618849 5.0 0
371.362699231 5.0 0
711.602778193 5.0 0
-545.820811981 5.0 0
-273.775867505 5.0 0
-2036.19389498 5.0 0
-41040.416433 5.0 0
-35749.4657977 5.0 0
38748.5886282 5.0 0
38315.429138 5.0 0
2172.59557428 5.0 0
373.020515833 5.0 0
721.038948893 5.0 0
-554.397000528 5.0 0
-276.288453234 5.0 0
-2058.63009833 5.0 0
-41541.4432993 5.0 0
-36169.746315 5.0 0
39211.393559 5.0 0
38773.9332308 5.0 0
2195.02495314 5.0 0
374.678362343 5.0 0
730.475061026 5.0 0
-562.973100866 5.0 0
-278.801098992 5.0 0
-2081.06629495 5.0 0
-42042.4701653 5.0 0
-36590.0268324 5.0 0
39674.1984582 5.0 0
39232.4373553 5.0 0
2217.45432521 5.0 0
376.336236862 5.0 0
739.911117027 5.0 0
-571.549116607 5.0 0
-281.313801693 5.0 0
-2103.50248497 5.0 0
-42543.497031 5.0 0
-37010.3073501 5.0 0
40137.0033262 5.0 0
39690.9415107 5.0 0
2239.88369063 5.0 0
377.994137631 5.0 0
749.347119184 5.0 0
-580.125051143 5.0 0
-283.826558452 5.0 0
-2125.93866854 5.0 0
-43044.5238966 5.0 0
-37430.5878679 5.0 0
40599.8081637 5.0 0
40149.4456967 5.0 0
2262.31304954 5.0 0
379.65206301 5.0 0
758.783069642 5.0 0
-588.700907661 5.0 0
-286.339366575 5.0 0
-2148.37484578 5.0 0
-43545.5507619 5.0 0
-37850.8683858 5.0 0
41062.6129714 5.0 0
40607.9499124 5.0 0
2284.74240205 5.0 0
381.310011471 5.0 0
768.218970423 5.0 0
-597.276689161 5.0 0
-288.852223539 5.0 0
-2170.81101681 5.0 0
-44046.577627 5.0 0
-38271.148904 5.0 0
41525.4177497 5.0 0
41066.4541575 5.0 0
2307.1717483 5.0 0
382.967981593 5.0 0
777.654823427 5.0 0
-605.852398474 5.0 0
-291.36512698 5.0 0
-2193.24718175 5.0 0
-44547.604492 5.0 0
-38691.4294222 5.0 0
41988.2224992 5.0 0
41524.9584313 5.0 0
2329.6010884 5.0 0
384.625972045 5.0 0
787.090630447 5.0 0
-614.428038268 5.0 0
-293.878074679 5.0 0
-2215.68334073 5.0 0
-45048.6313567 5.0 0
-39111.7099407 5.0 0
42451.0272204 5.0 0
41983.4627333 5.0 0
2352.03042246 5.0 0
386.283981586 5.0 0
796.526393177 5.0 0
-623.003611063 5.0 0
-296.391064553 5.0 0
-2238.11949384 5.0 0
-45549.6582212 5.0 0
-39531.9904592 5.0 0
42913.831914 5.0 0
42441.9670631 5.0 0
2374.45975062 5.0 0
387.942009054 5.0 0
805.962113216 5.0 0
-631.579119247 5.0 0
-298.904094643 5.0 0
-2260.55564121 5.0 0
-46050.6850856 5.0 0
-39952.270978 5.0 0
43376.6365802 5.0 0
42900.47142 5.0 0
2396.88907296 5.0 0
389.600053361 5.0 0
815.397792078 5.0 0
-640.154565075 5.0 0
-301.417163104 5.0 0
-2282.99178294 5.0 0
-46551.7119497 5.0 0
-40372.5514968 5.0 0
43839.4412198 5.0 0
43358.9758036 5.0 0
2419.31838961 5.0 0
391.258113486 5.0 0
824.833431196 5.0 0
-648.729950688 5.0 0
-303.930268199 5.0 0
-2305.42791913 5.0 0
-47052.7388137 5.0 0
-40792.8320158 5.0 0
44302.2458331 5.0 0
43817.4802134 5.0 0
2441.74770066 5.0 0
392.916188474 5.0 0
834.26903193 5.0 0
-657.305278116 5.0 0
-306.44340829 5.0 0
-2327.86404989 5.0 0
-47553.7656775 5.0 0
-41213.1125349 5.0 0
44765.0504206 5.0 0
44275.984649 5.0 0
2464.17700622 5.0 0
394.574277425 5.0 0
843.70459557 5.0 0
-665.880549288 5.0 0
-308.95658183 5.0 0
-2350.30017532 5.0 0
-48054.7925412 5.0 0
-41633.3930542 5.0 0
45227.8549827 5.0 0
44734.4891099 5.0 0
2486.60630639 5.0 0
396.232379495 5.0 0
853.140123341 5.0 0
-674.455766034 5.0 0
-311.469787357 5.0 0
-2372.7362955 5.0 0
-48555.8194046 5.0 0
-42053.6735736 5.0 0
45690.65952 5.0 0
45192.9935956 5.0 0
2509.03560126 5.0 0
397.890493891 5.0 0
862.575616407 5.0 0
-683.030930098 5.0 0
-313.98302349 5.0 0
-2395.17241054 5.0 0
-49056.846268 5.0 0
-42473.9540931 5.0 0
46153.4640327 5.0 0
45651.4981058 5.0 0
2531.46489092 5.0 0
399.548619864 5.0 0
872.011075878 5.0 0
-691.606043139 5.0 0
-316.496288921 5.0 0
-2417.60852052 5.0 0
-49557.8731311 5.0 0
-42894.2346127 5.0 0
46616.2685215 5.0 0
46110.0026399 5.0 0
2553.89417547 5.0 0
401.206756711 5.0 0
881.446502809 5.0 0
-700.181106738 5.0 0
-319.009582412 5.0 0
-2440.04462554 5.0 0
-50058.8999941 5.0 0
-43314.5151324 5.0 0
47079.0729865 5.0 0
46568.5071977 5.0 0
2576.32345499 5.0 0
402.864903767 5.0 0
890.881898205 5.0 0
-708.756122404 5.0 0
-321.522902789 5.0 0
-2462.48072567 5.0 0
-50559.926857 5.0 0
-43734.7956523 5.0 0
47541.8774284 5.0 0
47027.0117787 5.0 0
2598.75272957 5.0 0
404.523060408 5.0 0
900.317263028 5.0 0
-717.331091575 5.0 0
-324.036248939 5.0 0
-2484.91682101 5.0 0
-51060.9537197 5.0 0
-44155.0761722 5.0 0
48004.6818474 5.0 0
47485.5163825 5.0 0
2621.1819993 5.0 0
406.181226042 5.0 0
909.752598192 5.0 0
-725.906015625 5.0 0
-326.549619804 5.0 0
-2507.35291163 5.0 0
-51561.9805823 5.0 0
-44575.3566923 5.0 0
48467.4862439 5.0 0
47944.0210088 5.0 0
2643.61126425 5.0 0
407.839400112 5.0 0
919.187904574 5.0 0
-734.480895868 5.0 0
-329.063014382 5.0 0
-2529.78899762 5.0 0
-52063.0074447 5.0 0
-44995.6372124 5.0 0
48930.2906183 5.0 0
48402.5256571 5.0 0
2666.04052451 5.0 0
409.497582089 5.0 0
928.623183011 5.0 0
-743.055733561 5.0 0
-331.576431717 5.0 0
-2552.22507905 5.0 0
-52564.034307 5.0 0
-45415.9177327 5.0 0
49393.094971 5.0 0
48861.0303271 5.0 0
2688.46978016 5.0 0
411.155771476 5.0 0
938.058434302 5.0 0
-751.630529906 5.0 0
-334.089870903 5.0 0
-2574.66115599 5.0 0
-53065.0611692 5.0 0
-45836.1982531 5.0 0
49855.8993022 5.0 0
49319.5350185 5.0 0
2710.89903127 5.0 0
412.813967801 5.0 0
947.493659214 5.0 0
-760.205286054 5.0 0
-336.603331076 5.0 0
-2597.09722853 5.0 0
-53566.0880312 5.0 0
-46256.4787736 5.0 0
50318.7036124 5.0 0
49778.039731 5.0 0
2733.32827791 5.0 0
414.472170618 5.0 0
956.928858482 5.0 0
-768.780003109 5.0 0
-339.116811414 5.0 0
-2619.53329673 5.0 0
-54067.1148931 5.0 0
-46676.7592941 5.0 0
50781.5079019 5.0 0
50236.5444641 5.0 0
2755.75752015 5.0 0
416.130379503 5.0 0
966.364032808 5.0 0
-777.354682129 5.0 0
-341.630311132 5.0 0
-2641.96936067 5.0 0
-54568.1417549 5.0 0
-47097.0398148 5.0 0
51244.312171 5.0 0
50695.0492175 5.0 0
2778.18675808 5.0 0
417.788594056 5.0 0
975.799182869 5.0 0
-785.929324129 5.0 0
-344.143829484 5.0 0
-2664.4054204 5.0 0
-55069.1686165 5.0 0
-47517.3203355 5.0 0
51707.1164201 5.0 0
51153.553991 5.0 0
2800.61599174 5.0 0
419.446813898 5.0 0
985.234309311 5.0 0
-794.503930085 5.0 0
-346.657365758 5.0 0
-2686.84147601 5.0 0
-55570.1954781 5.0 0
-47937.6008564 5.0 0
52169.9206494 5.0 0
51612.0587843 5.0 0
2823.04522123 5.0 0
421.105038668 5.0 0
994.669412756 5.0 0
-803.078500931 5.0 0
-349.170919272 5.0 0
-2709.27752755 5.0 0
-56071.2223395 5.0 0
-48357.8813773 5.0 0
52632.7248592 5.0 0
52070.5635969 5.0 0
2845.47444659 5.0 0
422.763268025 5.0 0
1004.1044938 5.0 0
-811.653037569 5.0 0
-351.684489377 5.0 0
-2731.71357508 5.0 0
-56572.2492008 5.0 0
-48778.1618983 5.0 0
53095.5290499 5.0 0
52529.0684287 5.0 0
2867.90366789 5.0 0
424.421501644 5.0 0
1013.53955302 5.0 0
-820.227540864 5.0 0
-354.198075453 5.0 0
-2754.14961868 5.0 0
-57073.276062 5.0 0
-49198.4424194 5.0 0
53558.3332217 5.0 0
52987.5732793 5.0 0
2890.3328852 5.0 0
426.079739218 5.0 0
1022.97459097 5.0 0
-828.802011648 5.0 0
-356.711676906 5.0 0
-2776.5856584 5.0 0
-57574.3029231 5.0 0
-49618.7229406 5.0 0
54021.1373749 5.0 0
53446.0781485 5.0 0
2912.76209857 5.0 0
427.737980453 5.0 0
1032.40960818 5.0 0
-837.376450722 5.0 0
-359.22529317 5.0 0
-2799.0216943 5.0 0
-58075.329784 5.0 0
-50039.0034618 5.0 0
54483.9415098 5.0 0
53904.5830359 5.0 0
2935.19130807 5.0 0
429.396225073 5.0 0
1041.84460516 5.0 0
-845.950858859 5.0 0
-361.7389237 5.0 0
-2821.45772643 5.0 0
-58576.3566449 5.0 0
-50459.2839831 5.0 0
54946.7456267 5.0 0
54363.0879414 5.0 0
2957.62051375 5.0 0
431.054472812 5.0 0
1051.2795824 5.0 0
-854.525236803 5.0 0
-364.252567979 5.0 0
-2843.89375487 5.0 0
-59077.3835057 5.0 0
-50879.5645045 5.0 0
55409.5497258 5.0 0
54821.5928646 5.0 0
2980.04971568 5.0 0
432.71272342 5.0 0
1060.71454039 5.0 0
-863.099585269 5.0 0
-366.766225507 5.0 0
-2866.32977965 5.0 0
-59578.4103663 5.0 0
-51299.845026 5.0 0
55872.3538074 5.0 0
55280.0978053 5.0 0
3002.4789139 5.0 0
434.370976658 5.0 0
1070.14947957 5.0 0
-871.673904951 5.0 0
-369.279895808 5.0 0
-2888.76580084 5.0 0
-60079.4372269 5.0 0
-51720.1255476 5.0 0
56335.1578718 5.0 0
55738.6027632 5.0 0
3024.90810847 5.0 0
436.029232297 5.0 0
1079.58440038 5.0 0
-880.248196514 5.0 0
-371.793578425 5.0 0
-2911.20181848 5.0 0
-60580.4640874 5.0 0
-52140.4060692 5.0 0
56797.9619191 5.0 0
56197.107738 5.0 0
3047.33729944 5.0 0
437.687490123 5.0 0
1089.01930327 5.0 0
-888.822460604 5.0 0
-374.30727292 5.0 0
-2933.63783264 5.0 0
-61081.4909477 5.0 0
-52560.6865909 5.0 0
57260.7659497 5.0 0
56655.6127297 5.0 0
3069.76648688 5.0 0
439.345749928 5.0 0
1098.45418863 5.0 0
-897.396697841 5.0 0
-376.820978873 5.0 0
-2956.07384335 5.0 0
-61582.517808 5.0 0
-52980.9671127 5.0 0
57723.5699638 5.0 0
57114.1177378 5.0 0
3092.19567082 5.0 0
441.004011516 5.0 0
1107.88905687 5.0 0
-905.970908827 5.0 0
-379.33469588 5.0 0
-2978.50985067 5.0 0
-62083.5446682 5.0 0
-53401.2476345 5.0 0
58186.3739616 5.0 0
57572.6227622 5.0 0
3114.62485131 5.0 0
442.662274701 5.0 0
1117.32390836 5.0 0
-914.545094144 5.0 0
-381.848423554 5.0 0
-3000.94585466 5.0 0
-62584.5715283 5.0 0
-53821.5281564 5.0 0
58649.1779433 5.0 0
58031.1278026 5.0 0
3137.05402842 5.0 0
444.320539305 5.0 0
1126.75874348 5.0 0
-923.119254351 5.0 0
-384.362161522 5.0 0
-3023.38185534 5.0 0
-63085.5983883 5.0 0
-54241.8086784 5.0 0
59111.9819092 5.0 0
58489.6328588 5.0 0
3159.48320217 5.0 0
445.978805157 5.0 0
1136.1935626 5.0 0
-931.693389992 5.0 0
-386.875909429 5.0 0
-3045.81785279 5.0 0
-63586.6252482 5.0 0
-54662.0892004 5.0 0
59574.7858595 5.0 0
58948.1379306 5.0 0
3181.91237263 5.0 0
447.637072096 5.0 0
1145.62836604 5.0 0
-940.267501594 5.0 0
-389.389666929 5.0 0
-3068.25384702 5.0 0
-64087.6521081 5.0 0
-55082.3697225 5.0 0
60037.5897943 5.0 0
59406.6430178 5.0 0
3204.34153984 5.0 0
449.295339968 5.0 0
1155.06315416 5.0 0
-948.841589664 5.0 0
-391.903433694 5.0 0
-3090.6898381 5.0 0
-64588.6789678 5.0 0
-55502.6502447 5.0 0
60500.393714 5.0 0
59865.1481202 5.0 0
3226.77070383 5.0 0
450.953608626 5.0 0
1164.49792728 5.0 0
-957.415654695 5.0 0
-394.417209405 5.0 0
-3113.12582607 5.0 0
-65089.7058275 5.0 0
-55922.9307669 5.0 0
60963.1976187 5.0 0
60323.6532376 5.0 0
3249.19986466 5.0 0
452.61187793 5.0 0
1173.93268571 5.0 0
-965.989697165 5.0 0
-396.930993758 5.0 0
-3135.56181097 5.0 0
-65590.7326871 5.0 0
-56343.2112892 5.0 0
61426.0015086 5.0 0
60782.1583697 5.0 0
3271.62902237 5.0 0
454.270147746 5.0 0
1183.36742976 5.0 0
-974.563717535 5.0 0
-399.444786458 5.0 0
-3157.99779283 5.0 0
-66091.7595466 5.0 0
-56763.4918115 5.0 0
61888.8053839 5.0 0
61240.6635163 5.0 0
3294.058177 5.0 0
455.928417945 5.0 0
1192.80215973 5.0 0
-983.137716254 5.0 0
-401.958587222 5.0 0
-3180.43377171 5.0 0
-66592.786406 5.0 0
-57183.7723339 5.0 0
62351.6092448 5.0 0
61699.1686774 5.0 0
3316.48732859 5.0 0
457.586688407 5.0 0
1202.23687589 5.0 0
-991.711693756 5.0 0
-404.472395778 5.0 0
-3202.86974764 5.0 0
-67093.8132653 5.0 0
-57604.0528564 5.0 0
62814.4130915 5.0 0
62157.6738526 5.0 0
3338.91647719 5.0 0
459.244959016 5.0 0
1211.67157853 5.0 0
-1000.28565046 5.0 0
-406.986211864 5.0 0
-3225.30572066 5.0 0
-67594.8401246 5.0 0
-58024.3333789 5.0 0
63277.2169242 5.0 0
62616.1790419 5.0 0
3361.34562282 5.0 0
460.90322966 5.0 0
1221.10626792 5.0 0
-1008.85958679 5.0 0
-409.500035226 5.0 0
-3247.74169081 5.0 0
-68095.8669838 5.0 0
-58444.6139014 5.0 0
63740.020743 5.0 0
63074.6842449 5.0 0
3383.77476554 5.0 0
462.561500234 5.0 0
1230.54094431 5.0 0
-1017.43350312 5.0 0
-412.013865622 5.0 0
-3270.17765812 5.0 0
-68596.8938429 5.0 0
-58864.894424 5.0 0
64202.8245482 5.0 0
63533.1894616 5.0 0
3406.20390537 5.0 0
464.219770636 5.0 0
1239.97560798 5.0 0
-1026.00739985 5.0 0
-414.527702815 5.0 0
-3292.61362264 5.0 0
-69097.920702 5.0 0
-59285.1749467 5.0 0
64665.6283399 5.0 0
63991.6946918 5.0 0
3428.63304236 5.0 0
465.878040771 5.0 0
1249.41025915 5.0 0
-1034.58127735 5.0 0
-417.04154658 5.0 0
-3315.04958441 5.0 0
-69598.947561 5.0 0
-59705.4554694 5.0 0
65128.4321183 5.0 0
64450.1999352 5.0 0
3451.06217654 5.0 0
467.536310546 5.0 0
1258.84489807 5.0 0
-1043.15513598 5.0 0
-419.555396699 5.0 0
-3337.48554344 5.0 0
-70099.9744199 5.0 0
-60125.7359922 5.0 0
65591.2358836 5.0 0
64908.7051918 5.0 0
3473.49130796 5.0 0
469.194579873 5.0 0
1268.27952497 5.0 0
-1051.7289761 5.0 0
-422.069252959 5.0 0
-3359.92149979 5.0 0
-70601.0012787 5.0 0
-60546.016515 5.0 0
66054.0396358 5.0 0
65367.2104614 5.0 0
3495.92043663 5.0 0
470.852848669 5.0 0
1277.71414008 5.0 0
-1060.30279805 5.0 0
-424.583115158 5.0 0
-3382.35745349 5.0 0
-71102.0281375 5.0 0
-60966.2970379 5.0 0
66516.8433753 5.0 0
65825.7157437 5.0 0
3518.34956261 5.0 0
472.511116853 5.0 0
1287.14874362 5.0 0
-1068.87660217 5.0 0
-427.0969831 5.0 0
-3404.79340456 5.0 0
-71603.0549962 5.0 0
-61386.5775608 5.0 0
66979.6471021 5.0 0
66284.2210387 5.0 0
3540.77868591 5.0 0
474.169384349 5.0 0
1296.5833358 5.0 0
-1077.45038877 5.0 0
-429.610856594 5.0 0
-3427.22935305 5.0 0
-72104.0818548 5.0 0
-61806.8580838 5.0 0
67442.4508164 5.0 0
66742.7263461 5.0 0
3563.20780658 5.0 0
475.827651084 5.0 0
1306.01791683 5.0 0
-1086.02415818 5.0 0
-432.124735458 5.0 0
-3449.66529898 5.0 0
-72605.1087134 5.0 0
-62227.1386068 5.0 0
67905.2545184 5.0 0
67201.2316659 5.0 0
3585.63692465 5.0 0
477.485916989 5.0 0
1315.45248692 5.0 0
-1094.5979107 5.0 0
-434.638619515 5.0 0
-3472.10124239 5.0 0
-73106.1355719 5.0 0
-62647.4191298 5.0 0
68368.0582081 5.0 0
67659.7369978 5.0 0
3608.06604015 5.0 0
479.144181995 5.0 0
1324.88704625 5.0 0
