5
0.0 0.0 0
50.0 0.0 0
0.0 50.0 0
-50.0 0.0 0
0.0 -50.0 0
0.0 0.0 0
49.9098400898 -2.6 0
2.6 49.9098400898 0
-49.9098400898 2.6 0
-2.6 -49.9098400898 0
-8.47032947254e-021 0.0 0
49.6394014177 -5.19530535434 0
5.19530535434 49.6394014177 0
-49.6394014177 5.19530535434 0
-5.19530535434 -49.6394014177 0
-3.38813178902e-020 0.0 0
49.1888520037 -7.77649742911 0
7.77649742911 49.1888520037 0
-49.1888520037 7.77649742911 0
-7.77649742911 -49.1888520037 0
-7.45388993584e-020 0.0 0
48.5585392659 -10.334078481 0
10.334078481 48.5585392659 0
-48.5585392659 10.334078481 0
-10.334078481 -48.5585392659 0
-1.25360876194e-019 0.0 0
47.7490079646 -12.8584312816 0
12.8584312816 47.7490079646 0
-47.7490079646 12.8584312816 0
-12.8584312816 -47.7490079646 0
-1.66018457662e-019 0.0 0
46.7610238493 -15.3397796914 0
15.3397796914 46.7610238493 0
-46.7610238493 15.3397796914 0
-15.3397796914 -46.7610238493 0
-1.99899775552e-019 1.35525271561e-020 0
45.5956034464 -17.7681502422 0
17.7681502422 45.5956034464 0
-45.5956034464 17.7681502422 0
-17.7681502422 -45.5956034464 0
-2.27004829864e-019 4.06575814682e-020 0
44.2540505468 -20.1333349131 0
20.1333349131 44.2540505468 0
-44.2540505468 20.1333349131 0
-20.1333349131 -44.2540505468 0
-2.47333620598e-019 8.13151629364e-020 0
42.7380000794 -22.424855431 0
22.424855431 42.7380000794 0
-42.7380000794 22.424855431 0
-22.424855431 -42.7380000794 0
-2.87991202066e-019 1.35525271561e-019 0
41.0494701702 -24.6319296184 0
24.6319296184 41.0494701702 0
-41.0494701702 24.6319296184 0
-24.6319296184 -41.0494701702 0
-3.42201310691e-019 1.89735380185e-019 0
39.1909233033 -26.7434405468 0
26.7434405468 39.1909233033 0
-39.1909233033 26.7434405468 0
-26.7434405468 -39.1909233033 0
-3.96411419315e-019 2.43945488809e-019 0
37.1653375928 -28.7479095461 0
28.7479095461 37.1653375928 0
-37.1653375928 28.7479095461 0
-28.7479095461 -37.1653375928 0
-4.64174055095e-019 2.98155597434e-019 0
34.9762892419 -30.6334744862 0
30.6334744862 34.9762892419 0
-34.9762892419 30.6334744862 0
-30.6334744862 -34.9762892419 0
-5.31936690876e-019 3.52365706058e-019 0
32.6280472891 -32.3878751961 0
32.3878751961 32.6280472891 0
-32.6280472891 32.3878751961 0
-32.3878751961 -32.6280472891 0
-5.861467995e-019 4.06575814682e-019 0
30.1256816893 -33.9984484303 0
33.9984484303 30.1256816893 0
-30.1256816893 33.9984484303 0
-33.9984484303 -30.1256816893 0
-6.5390943528e-019 4.60785923306e-019 0
27.4751856174 -35.4521354483 0
35.4521354483 27.4751856174 0
-27.4751856174 35.4521354483 0
-35.4521354483 -27.4751856174 0
-7.35224598217e-019 5.14996031931e-019 0
24.6836125623 -36.7355060389 0
36.7355060389 24.6836125623 0
-24.6836125623 36.7355060389 0
-36.7355060389 -24.6836125623 0
-8.43644815465e-019 5.69206140555e-019 0
21.7592282365 -37.834803698 0
37.834803698 21.7592282365 0
-21.7592282365 37.834803698 0
-37.834803698 -21.7592282365 0
-9.79170087026e-019 6.23416249179e-019 0
18.7116764752 -38.7360176247 0
38.7360176247 18.7116764752 0
-18.7116764752 38.7360176247 0
-38.7360176247 -18.7116764752 0
-1.11469535859e-018 6.77626357803e-019 0
15.552157041 -39.4249881842 0
39.4249881842 15.552157041 0
-15.552157041 39.4249881842 0
-39.4249881842 -15.552157041 0
-1.25022063015e-018 7.31836466428e-019 0
12.2936114768 -39.8875533964 0
39.8875533964 12.2936114768 0
-12.2936114768 39.8875533964 0
-39.8875533964 -12.2936114768 0
-1.38574590171e-018 7.79270311474e-019 0
8.95091075043 -40.1097446731 0
40.1097446731 8.95091075043 0
-8.95091075043 40.1097446731 0
-40.1097446731 -8.95091075043 0
-1.52127117327e-018 8.2670415652e-019 0
5.54103531992 -40.0780401986 0
40.0780401986 5.54103531992 0
-5.54103531992 40.0780401986 0
-40.0780401986 -5.54103531992 0
-1.65679644483e-018 8.91078660512e-019 0
2.08323441202 -39.7796836729 0
39.7796836729 2.08323441202 0
-2.08323441202 39.7796836729 0
-39.7796836729 -2.08323441202 0
-1.79232171639e-018 9.6561755987e-019 0
-1.40085314807 -39.2030741521 0
39.2030741521 -1.40085314807 0
1.40085314807 39.2030741521 0
-39.2030741521 1.40085314807 0
-1.92784698795e-018 1.0503208546e-018 0
-4.88713895516 -38.3382288992 0
38.3382288992 -4.88713895516 0
4.88713895516 38.3382288992 0
-38.3382288992 4.88713895516 0
-2.06337225951e-018 1.14518854469e-018 0
-8.34911267642 -37.1773149678 0
37.1773149678 -8.34911267642 0
8.34911267642 37.1773149678 0
-37.1773149678 8.34911267642 0
-2.19889753107e-018 1.24683249836e-018 0
-11.7579871257 -35.7152363021 0
35.7152363021 -11.7579871257 0
11.7579871257 35.7152363021 0
-35.7152363021 11.7579871257 0
-2.33442280263e-018 1.35525271561e-018 0
-15.082990739 -33.9502514909 0
33.9502514909 -15.082990739 0
15.082990739 33.9502514909 0
-33.9502514909 15.082990739 0
-2.46994807419e-018 1.46367293286e-018 0
-18.2918331026 -31.884583686 0
31.884583686 -18.2918331026 0
18.2918331026 31.884583686 0
-31.884583686 18.2918331026 0
-2.60547334575e-018 1.55854062295e-018 0
-21.3513587138 -29.5249703525 0
29.5249703525 -21.3513587138 0
21.3513587138 29.5249703525 0
-29.5249703525 21.3513587138 0
-2.74099861731e-018 1.6669608402e-018 0
-24.2283865994 -26.8830893381 0
26.8830893381 -24.2283865994 0
24.2283865994 26.8830893381 0
-26.8830893381 24.2283865994 0
-2.87652388888e-018 1.80248611176e-018 0
-26.89070931 -23.9757930222 0
23.9757930222 -26.89070931 0
26.89070931 23.9757930222 0
-23.9757930222 26.89070931 0
-3.01204916044e-018 1.91090632901e-018 0
-29.3081968513 -20.8250878762 0
20.8250878762 -29.3081968513 0
29.3081968513 20.8250878762 0
-20.8250878762 29.3081968513 0
-3.147574432e-018 1.96511643763e-018 0
-31.453924378 -17.457815198 0
17.457815198 -31.453924378 0
31.453924378 17.457815198 0
-17.457815198 31.453924378 0
-3.28309970356e-018 1.99222149194e-018 0
-33.3052236331 -13.9050198099 0
13.9050198099 -33.3052236331 0
33.3052236331 13.9050198099 0
-13.9050198099 33.3052236331 0
-3.41862497512e-018 2.01932654625e-018 0
-34.8445536077 -10.2010329995 0
10.2010329995 -34.8445536077 0
34.8445536077 10.2010329995 0
-10.2010329995 34.8445536077 0
-3.55415024668e-018 2.04643160057e-018 0
-36.0600995434 -6.38233631285 0
6.38233631285 -36.0600995434 0
36.0600995434 6.38233631285 0
-6.38233631285 36.0600995434 0
-3.7032280454e-018 2.07353665488e-018 0
-36.946040341 -2.4863047024 0
2.4863047024 -36.946040341 0
36.946040341 2.4863047024 0
-2.4863047024 36.946040341 0
-3.85908210769e-018 2.10064170919e-018 0
-37.5024667719 1.45005678516 0
-1.45005678516 -37.5024667719 0
37.5024667719 -1.45005678516 0
1.45005678516 37.5024667719 0
-3.99799551104e-018 2.1277467635e-018 0
-37.7349772836 5.39127270752 0
-5.39127270752 -37.7349772836 0
37.7349772836 -5.39127270752 0
5.39127270752 37.7349772836 0
-4.11996825544e-018 2.15485181781e-018 0
-37.6540149821 9.30436520133 0
-9.30436520133 -37.6540149821 0
37.6540149821 -9.30436520133 0
9.30436520133 37.6540149821 0
-4.22838847269e-018 2.18195687213e-018 0
-37.2740317391 13.1595755129 0
-13.1595755129 -37.2740317391 0
37.2740317391 -13.1595755129 0
13.1595755129 37.2740317391 0
-4.35713748068e-018 2.20906192644e-018 0
-36.6125710653 16.9308207742 0
-16.9308207742 -36.6125710653 0
36.6125710653 -16.9308207742 0
16.9308207742 36.6125710653 0
-4.48588648866e-018 2.23616698075e-018 0
-35.6893526113 20.5958996204 0
-20.5958996204 -35.6893526113 0
35.6893526113 -20.5958996204 0
20.5958996204 35.6893526113 0
-4.60108296949e-018 2.26327203506e-018 0
-34.5254228916 24.1364829254 0
-24.1364829254 -34.5254228916 0
34.5254228916 -24.1364829254 0
24.1364829254 34.5254228916 0
-4.72983197747e-018 2.29037708938e-018 0
-33.1424147721 27.5379379716 0
-27.5379379716 -33.1424147721 0
33.1424147721 -27.5379379716 0
27.5379379716 33.1424147721 0
-4.85858098545e-018 2.31748214369e-018 0
-31.5619371219 30.7890369663 0
-30.7890369663 -31.5619371219 0
31.5619371219 -30.7890369663 0
30.7890369663 31.5619371219 0
-5.00088252059e-018 2.344587198e-018 0
-29.8050987763 33.8815966249 0
-33.8815966249 -29.8050987763 0
29.8050987763 -33.8815966249 0
33.8815966249 29.8050987763 0
-5.14318405573e-018 2.37169225231e-018 0
-27.8921587541 36.8100874797 0
-36.8100874797 -27.8921587541 0
27.8921587541 -36.8100874797 0
36.8100874797 27.8921587541 0
-5.25838053655e-018 2.39879730662e-018 0
-25.8422873861 39.5712421511 0
-39.5712421511 -25.8422873861 0
25.8422873861 -39.5712421511 0
39.5712421511 25.8422873861 0
-5.34647196307e-018 2.42590236094e-018 0
-23.673419747 42.163682743 0
-42.163682743 -23.673419747 0
23.673419747 -42.163682743 0
42.163682743 23.673419747 0
-5.42101086243e-018 2.45300741525e-018 0
-21.4021824 44.587579782 0
-44.587579782 -21.4021824 0
21.4021824 -44.587579782 0
44.587579782 21.4021824 0
-5.49554976179e-018 2.48011246956e-018 0
-19.0438758795 46.8443490598 0
-46.8443490598 -19.0438758795 0
19.0438758795 -46.8443490598 0
46.8443490598 19.0438758795 0
-5.5836411883e-018 2.50044126029e-018 0
-16.6124976912 48.9363883592 0
-48.9363883592 -16.6124976912 0
16.6124976912 -48.9363883592 0
48.9363883592 16.6124976912 0
-5.69883766913e-018 2.50721752387e-018 0
-14.1207932818 50.8668531118 0
-50.8668531118 -14.1207932818 0
14.1207932818 -50.8668531118 0
50.8668531118 14.1207932818 0
-5.81403414995e-018 2.51399378745e-018 0
-11.5803250424 52.6394682433 0
-52.6394682433 -11.5803250424 0
11.5803250424 -52.6394682433 0
52.6394682433 11.5803250424 0
-5.90212557647e-018 2.53432257818e-018 0
-9.00155175004 54.258372529 0
-54.258372529 -9.00155175004 0
9.00155175004 -54.258372529 0
54.258372529 9.00155175004 0
-5.97666447583e-018 2.55803950071e-018 0
-6.39391282879 55.7279914151 0
-55.7279914151 -6.39391282879 0
6.39391282879 -55.7279914151 0
55.7279914151 6.39391282879 0
-6.05120337518e-018 2.57836829144e-018 0
-3.76591341772 57.0529342907 0
-57.0529342907 -3.76591341772 0
3.76591341772 -57.0529342907 0
57.0529342907 3.76591341772 0
-6.12574227454e-018 2.59785004923e-018 0
-1.12520748623 58.2379124392 0
-58.2379124392 -1.12520748623 0
1.12520748623 -58.2379124392 0
58.2379124392 1.12520748623 0
-6.2002811739e-018 2.6103437852e-018 0
1.52132280234 59.2876742626 0
-59.2876742626 1.52132280234 0
-1.52132280234 -59.2876742626 0
59.2876742626 -1.52132280234 0
-6.27482007326e-018 2.62220224646e-018 0
4.16749256858 60.2069547889 0
-60.2069547889 4.16749256858 0
-4.16749256858 -60.2069547889 0
60.2069547889 -4.16749256858 0
-6.34935897262e-018 2.64041345483e-018 0
6.80774511081 61.0004368829 0
-61.0004368829 6.80774511081 0
-6.80774511081 -61.0004368829 0
61.0004368829 -6.80774511081 0
-6.43745039913e-018 2.65269543256e-018 0
9.43708842669 61.6727219782 0
-61.6727219782 9.43708842669 0
-9.43708842669 -61.6727219782 0
61.6727219782 -9.43708842669 0
-6.5390943528e-018 2.65989521262e-018 0
12.0510373269 62.228308495 0
-62.228308495 12.0510373269 0
-12.0510373269 -62.228308495 0
62.228308495 -12.0510373269 0
-6.64073830647e-018 2.66540092677e-018 0
14.6455609422 62.671576425 0
-62.671576425 14.6455609422 0
-14.6455609422 -62.671576425 0
62.671576425 -14.6455609422 0
-6.74238226014e-018 2.66413037735e-018 0
17.2170353267 63.0067768305 0
-63.0067768305 17.2170353267 0
-17.2170353267 -63.0067768305 0
63.0067768305 -17.2170353267 0
-6.84402621381e-018 2.65608356435e-018 0
19.7622008009 63.2380252311 0
-63.2380252311 19.7622008009 0
-19.7622008009 -63.2380252311 0
63.2380252311 -19.7622008009 0
-6.94567016749e-018 2.64803675135e-018 0
22.2781236583 63.3692980433 0
-63.3692980433 22.2781236583 0
-22.2781236583 -63.3692980433 0
63.3692980433 -22.2781236583 0
-7.04731412116e-018 2.63998993835e-018 0
24.7621618497 63.4044313976 0
-63.4044313976 24.7621618497 0
-24.7621618497 -63.4044313976 0
63.4044313976 -24.7621618497 0
-7.14218181125e-018 2.63194312536e-018 0
27.2119342747 63.3471217858 0
-63.3471217858 27.2119342747 0
-27.2119342747 -63.3471217858 0
63.3471217858 -27.2119342747 0
-7.23027323776e-018 2.62389631236e-018 0
29.6252933239 63.2009281014 0
-63.2009281014 29.6252933239 0
-29.6252933239 -63.2009281014 0
63.2009281014 -29.6252933239 0
-7.31836466428e-018 2.60907323578e-018 0
32.0003003427 62.9692747212 0
-62.9692747212 32.0003003427 0
-32.0003003427 -62.9692747212 0
62.9692747212 -32.0003003427 0
-7.40645609079e-018 2.58408576384e-018 0
34.3352037111 62.6554553496 0
-62.6554553496 34.3352037111 0
-34.3352037111 -62.6554553496 0
62.6554553496 -34.3352037111 0
-7.49454751731e-018 2.54893389653e-018 0
36.6284192605 62.2626374032 0
-62.2626374032 36.6284192605 0
-36.6284192605 -62.2626374032 0
62.2626374032 -36.6284192605 0
-7.58263894382e-018 2.50700576564e-018 0
38.8785127772 61.7938667614 0
-61.7938667614 38.8785127772 0
-38.8785127772 -61.7938667614 0
61.7938667614 -38.8785127772 0
-7.67073037033e-018 2.46507763475e-018 0
41.0841843645 61.2520727451 0
-61.2520727451 41.0841843645 0
-41.0841843645 -61.2520727451 0
61.2520727451 -41.0841843645 0
-7.75882179685e-018 2.41976137207e-018 0
43.2442544589 60.6400732181 0
-60.6400732181 43.2442544589 0
-43.2442544589 -60.6400732181 0
60.6400732181 -43.2442544589 0
-7.84691322336e-018 2.36766884581e-018 0
45.3576513211 59.9605797271 0
-59.9605797271 45.3576513211 0
-45.3576513211 -59.9605797271 0
59.9605797271 -45.3576513211 0
-7.93500464988e-018 2.30880005598e-018 0
47.4233998364 59.2162026184 0
-59.2162026184 47.4233998364 0
-47.4233998364 -59.2162026184 0
59.2162026184 -47.4233998364 0
-8.02309607639e-018 2.23637873899e-018 0
49.4406114829 58.4094560839 0
-58.4094560839 49.4406114829 0
-49.4406114829 -58.4094560839 0
58.4094560839 -49.4406114829 0
-8.11118750291e-018 2.163957422e-018 0
51.4084753364 57.5427631017 0
-57.5427631017 51.4084753364 0
-51.4084753364 -57.5427631017 0
57.5427631017 -51.4084753364 0
-8.19927892942e-018 2.09831236859e-018 0
53.3262500017 56.6184602455 0
-56.6184602455 53.3262500017 0
-53.3262500017 -56.6184602455 0
56.6184602455 -53.3262500017 0
-8.28737035594e-018 2.03266731517e-018 0
55.1932563652 55.6388023465 0
-55.6388023465 55.1932563652 0
-55.1932563652 -55.6388023465 0
55.6388023465 -55.1932563652 0
-8.37546178245e-018 1.96702226176e-018 0
57.0088710833 54.6059669959 0
-54.6059669959 57.0088710833 0
-57.0088710833 -54.6059669959 0
54.6059669959 -57.0088710833 0
-8.46355320896e-018 1.90137720835e-018 0
58.7725207235 53.522058883 0
-53.522058883 58.7725207235 0
-58.7725207235 -53.522058883 0
53.522058883 -58.7725207235 0
-8.55164463548e-018 1.83573215494e-018 0
60.4836764911 52.3891139645 0
-52.3891139645 60.4836764911 0
-60.4836764911 -52.3891139645 0
52.3891139645 -60.4836764911 0
-8.63973606199e-018 1.77008710152e-018 0
62.1418494767 51.209103467 0
-51.209103467 62.1418494767 0
-62.1418494767 -51.209103467 0
51.209103467 -62.1418494767 0
-8.72782748851e-018 1.70444204811e-018 0
63.7465863708 49.9839377247 0
-49.9839377247 63.7465863708 0
-63.7465863708 -49.9839377247 0
49.9839377247 -63.7465863708 0
-8.81591891502e-018 1.6387969947e-018 0
65.2974655951 48.7154698561 0
-48.7154698561 65.2974655951 0
-65.2974655951 -48.7154698561 0
48.7154698561 -65.2974655951 0
-8.90401034154e-018 1.57315194129e-018 0
66.7940938083 47.4054992856 0
-47.4054992856 66.7940938083 0
-66.7940938083 -47.4054992856 0
47.4054992856 -66.7940938083 0
-8.99210176805e-018 1.5007306243e-018 0
68.2361027468 46.0557751168 0
-46.0557751168 68.2361027468 0
-68.2361027468 -46.0557751168 0
46.0557751168 -68.2361027468 0
-9.08019319457e-018 1.41475678015e-018 0
69.6231463668 44.6679993631 0
-44.6679993631 69.6231463668 0
-69.6231463668 -44.6679993631 0
44.6679993631 -69.6231463668 0
-9.16828462108e-018 1.32200667243e-018 0
70.954898256 43.2438300445 0
-43.2438300445 70.954898256 0
-70.954898256 -43.2438300445 0
43.2438300445 -70.954898256 0
-9.25637604759e-018 1.23603282828e-018 0
72.23104929 41.7848841567 0
-41.7848841567 72.23104929 0
-72.23104929 -41.7848841567 0
41.7848841567 -72.23104929 0
-9.34446747411e-018 1.15683524771e-018 0
73.4513055066 40.2927405221 0
-40.2927405221 73.4513055066 0
-73.4513055066 -40.2927405221 0
40.2927405221 -73.4513055066 0
-9.43255890062e-018 1.07763766714e-018 0
74.6153861798 38.7689425282 0
-38.7689425282 74.6153861798 0
-74.6153861798 -38.7689425282 0
38.7689425282 -74.6153861798 0
-9.52065032714e-018 1.00521635015e-018 0
75.7230220711 37.2150007634 0
-37.2150007634 75.7230220711 0
-75.7230220711 -37.2150007634 0
37.2150007634 -75.7230220711 0
-9.60874175365e-018 9.39571296742e-019 0
76.7739538442 35.6323955558 0
-35.6323955558 76.7739538442 0
-76.7739538442 -35.6323955558 0
35.6323955558 -76.7739538442 0
-9.69683318017e-018 8.7392624333e-019 0
77.7679306264 34.0225794243 0
-34.0225794243 77.7679306264 0
-77.7679306264 -34.0225794243 0
34.0225794243 -77.7679306264 0
-9.78492460668e-018 8.08281189917e-019 0
78.7047087036 32.3869794476 0
-32.3869794476 78.7047087036 0
-78.7047087036 -32.3869794476 0
32.3869794476 -78.7047087036 0
-9.8730160332e-018 7.35859872927e-019 0
79.5840503379 30.7269995595 0
-30.7269995595 79.5840503379 0
-79.5840503379 -30.7269995595 0
30.7269995595 -79.5840503379 0
-9.96110745971e-018 6.56662292359e-019 0
80.4057226961 29.0440227777 0
-29.0440227777 80.4057226961 0
-80.4057226961 -29.0440227777 0
29.0440227777 -80.4057226961 0
-1.00475048203e-017 5.77464711791e-019 0
81.1694968817 27.3394133715 0
-27.3394133715 81.1694968817 0
-81.1694968817 -27.3394133715 0
27.3394133715 -81.1694968817 0
-1.0133902181e-017 4.98267131222e-019 0
81.8751470602 25.6145189762 0
-25.6145189762 81.8751470602 0
-81.8751470602 -25.6145189762 0
25.6145189762 -81.8751470602 0
-1.02219936075e-017 4.19069550654e-019 0
82.5224496722 23.8706726609 0
-23.8706726609 82.5224496722 0
-82.5224496722 -23.8706726609 0
23.8706726609 -82.5224496722 0
-1.03117790999e-017 3.39871970086e-019 0
83.1111827276 22.1091949551 0
-22.1091949551 83.1111827276 0
-83.1111827276 -22.1091949551 0
22.1091949551 -83.1111827276 0
-1.04032586582e-017 2.60674389518e-019 0
83.6411251754 20.3313958408 0
-20.3313958408 83.6411251754 0
-83.6411251754 -20.3313958408 0
20.3313958408 -83.6411251754 0
-1.04947382165e-017 1.81476808949e-019 0
84.1120563452 18.5385767172 0
-18.5385767172 84.1120563452 0
-84.1120563452 -18.5385767172 0
18.5385767172 -84.1120563452 0
-1.05845237089e-017 1.02279228381e-019 0
84.5237554558 16.7320323418 0
-16.7320323418 84.5237554558 0
-84.5237554558 -16.7320323418 0
16.7320323418 -84.5237554558 0
-1.06743092013e-017 2.30816478127e-020 0
84.8760011879 14.913052756 0
-14.913052756 84.8760011879 0
-84.8760011879 -14.913052756 0
14.913052756 -84.8760011879 0
-1.07674828255e-017 -5.61159327556e-020 0
85.16857132 13.0829252003 0
-13.0829252003 85.16857132 0
-85.16857132 -13.0829252003 0
13.0829252003 -85.16857132 0
-1.08657386474e-017 -1.35313513324e-019 0
85.4012424227 11.2429360242 0
-11.2429360242 85.4012424227 0
-85.4012424227 -11.2429360242 0
11.2429360242 -85.4012424227 0
-1.09639944693e-017 -2.2128735747e-019 0
85.5737896132 9.39437259817 0
-9.39437259817 85.5737896132 0
-85.5737896132 -9.39437259817 0
9.39437259817 -85.5737896132 0
-1.10597091923e-017 -3.14037465195e-019 0
85.6859863678 7.53852523203 0
-7.53852523203 85.6859863678 0
-85.6859863678 -7.53852523203 0
7.53852523203 -85.6859863678 0
-1.1153306333e-017 -4.06787572919e-019 0
85.7376043918 5.67668910651 0
-5.67668910651 85.7376043918 0
-85.7376043918 -5.67668910651 0
5.67668910651 -85.7376043918 0
-1.12447858913e-017 -4.99537680643e-019 0
85.7284135495 3.81016622347 0
-3.81016622347 85.7284135495 0
-85.7284135495 -3.81016622347 0
3.81016622347 -85.7284135495 0
-1.13379595155e-017 -5.92287788368e-019 0
85.6581818533 1.94026738089 0
-1.94026738089 85.6581818533 0
-85.6581818533 -1.94026738089 0
1.94026738089 -85.6581818533 0
-1.14345212715e-017 -6.85037896092e-019 0
85.5266755148 0.0683141784485 0
-0.0683141784485 85.5266755148 0
-85.5266755148 -0.0683141784485 0
0.0683141784485 -85.5266755148 0
-1.15329888516e-017 -7.77788003816e-019 0
85.3336590602 -1.80435894008 0
1.80435894008 85.3336590602 0
-85.3336590602 1.80435894008 0
-1.80435894008 -85.3336590602 0
-1.16288094537e-017 -8.70538111541e-019 0
85.0788955128 -3.67640260148 0
3.67640260148 85.0788955128 0
-85.0788955128 3.67640260148 0
-3.67640260148 -85.0788955128 0
-1.17232536274e-017 -9.63288219265e-019 0
84.762146647 -5.54645036846 0
5.54645036846 84.762146647 0
-84.762146647 5.54645036846 0
-5.54645036846 -84.762146647 0
-1.18170625263e-017 -1.05603832699e-018 0
84.3831733178 -7.41311654941 0
7.41311654941 84.3831733178 0
-84.3831733178 7.41311654941 0
-7.41311654941 -84.3831733178 0
-1.19125654911e-017 -1.14878843471e-018 0
83.9417358719 -9.27499394577 0
9.27499394577 83.9417358719 0
-83.9417358719 9.27499394577 0
-9.27499394577 -83.9417358719 0
-1.20084919723e-017 -1.24153854244e-018 0
83.4375946457 -11.1306515306 0
11.1306515306 83.4375946457 0
-83.4375946457 11.1306515306 0
-11.1306515306 -83.4375946457 0
-1.21027243877e-017 -1.33428865016e-018 0
82.8705105593 -12.978632051 0
12.978632051 82.8705105593 0
-82.8705105593 12.978632051 0
-12.978632051 -82.8705105593 0
-1.21944157043e-017 -1.43381502146e-018 0
82.2402458126 -14.8174495485 0
14.8174495485 82.2402458126 0
-82.2402458126 14.8174495485 0
-14.8174495485 -82.2402458126 0
-1.2282718889e-017 -1.54011765635e-018 0
81.5465646954 -16.6455867883 0
16.6455867883 81.5465646954 0
-81.5465646954 16.6455867883 0
-16.6455867883 -81.5465646954 0
-1.23744102056e-017 -1.64642029123e-018 0
80.7892345209 -18.4614925925 0
18.4614925925 80.7892345209 0
-80.7892345209 18.4614925925 0
-18.4614925925 -80.7892345209 0
-1.24694896539e-017 -1.75272292611e-018 0
79.9680266949 -20.2635790683 0
20.2635790683 79.9680266949 0
-79.9680266949 20.2635790683 0
-20.2635790683 -79.9680266949 0
-1.25662631681e-017 -1.85902556099e-018 0
79.082717936 -22.0502187246 0
22.0502187246 79.082717936 0
-79.082717936 22.0502187246 0
-22.0502187246 -79.082717936 0
-1.266811888e-017 -1.95855193229e-018 0
78.1330916612 -23.8197414691 0
23.8197414691 78.1330916612 0
-78.1330916612 23.8197414691 0
-23.8197414691 -78.1330916612 0
-1.27767508555e-017 -2.05130204001e-018 0
77.1189395549 -25.5704314795 0
25.5704314795 77.1189395549 0
-77.1189395549 25.5704314795 0
-25.5704314795 -77.1189395549 0
-1.2885382831e-017 -2.14405214774e-018 0
76.0400633414 -27.3005239408 0
27.3005239408 76.0400633414 0
-76.0400633414 27.3005239408 0
-27.3005239408 -76.0400633414 0
-1.29940148065e-017 -2.23680225546e-018 0
74.896276783 -29.0082016423 0
29.0082016423 74.896276783 0
-74.896276783 29.0082016423 0
-29.0082016423 -74.896276783 0
-1.31094230455e-017 -2.32955236319e-018 0
73.6874079294 -30.6915914282 0
30.6915914282 73.6874079294 0
-73.6874079294 30.6915914282 0
-30.6915914282 -73.6874079294 0
-1.32316075482e-017 -2.42230247091e-018 0
72.413301645 -32.3487604961 0
32.3487604961 72.413301645 0
-72.413301645 32.3487604961 0
-32.3487604961 -72.413301645 0
-1.33639564462e-017 -2.51505257863e-018 0
71.0738224469 -33.9777125376 0
33.9777125376 71.0738224469 0
-71.0738224469 33.9777125376 0
-33.9777125376 -71.0738224469 0
-1.35030816078e-017 -2.60780268636e-018 0
69.6688576879 -35.5763837185 0
35.5763837185 69.6688576879 0
-69.6688576879 35.5763837185 0
-35.5763837185 -69.6688576879 0
-1.36489830329e-017 -2.70055279408e-018 0
68.1983211243 -37.1426384971 0
37.1426384971 68.1983211243 0
-68.1983211243 37.1426384971 0
-37.1426384971 -68.1983211243 0
-1.37948844581e-017 -2.79330290181e-018 0
66.6621569117 -38.6742652779 0
38.6742652779 66.6621569117 0
-66.6621569117 38.6742652779 0
-38.6742652779 -66.6621569117 0
-1.39306214879e-017 -2.88605300953e-018 0
65.0603440772 -40.168971906 0
40.168971906 65.0603440772 0
-65.0603440772 40.168971906 0
-40.168971906 -65.0603440772 0
-1.40663585177e-017 -2.97880311726e-018 0
63.3929015244 -41.624381007 0
41.624381007 63.3929015244 0
-63.3929015244 41.624381007 0
-41.624381007 -63.3929015244 0
-1.41987074157e-017 -3.07155322498e-018 0
61.6598936286 -43.0380251809 0
43.0380251809 61.6598936286 0
-61.6598936286 43.0380251809 0
-43.0380251809 -61.6598936286 0
-1.43175037866e-017 -3.16430333271e-018 0
59.861436491 -44.4073420664 0
44.4073420664 59.861436491 0
-59.861436491 44.4073420664 0
-44.4073420664 -59.861436491 0
-1.44295238938e-017 -3.25705344043e-018 0
57.9977049263 -45.7296692969 0
45.7296692969 57.9977049263 0
-57.9977049263 45.7296692969 0
-45.7296692969 -57.9977049263 0
-1.45415440011e-017 -3.34980354815e-018 0
56.0689402631 -47.0022393742 0
47.0022393742 56.0689402631 0
-56.0689402631 47.0022393742 0
-47.0022393742 -56.0689402631 0
-1.46535641084e-017 -3.44255365588e-018 0
54.0754590501 -48.222174502 0
48.222174502 54.0754590501 0
-54.0754590501 48.222174502 0
-48.222174502 -54.0754590501 0
-1.47588079521e-017 -3.5353037636e-018 0
52.017662763 -49.386481425 0
49.386481425 52.017662763 0
-52.017662763 49.386481425 0
-49.386481425 -52.017662763 0
-1.48572755322e-017 -3.62805387133e-018 0
49.8960486227 -50.4920463402 0
50.4920463402 49.8960486227 0
-49.8960486227 50.4920463402 0
-50.4920463402 -49.8960486227 0
-1.49625193759e-017 -3.72080397905e-018 0
47.7112216373 -51.5356299583 0
51.5356299583 47.7112216373 0
-47.7112216373 51.5356299583 0
-51.5356299583 -47.7112216373 0
-1.50813157467e-017 -3.81355408678e-018 0
45.4639079952 -52.5138628174 0
52.5138628174 45.4639079952 0
-45.4639079952 52.5138628174 0
-52.5138628174 -45.4639079952 0
-1.52068883812e-017 -3.9063041945e-018 0
43.1549699403 -53.4232409732 0
53.4232409732 43.1549699403 0
-43.1549699403 53.4232409732 0
-53.4232409732 -43.1549699403 0
-1.5325684752e-017 -3.99905430222e-018 0
40.7854222683 -54.2601222186 0
54.2601222186 40.7854222683 0
-40.7854222683 54.2601222186 0
-54.2601222186 -40.7854222683 0
-1.54377048593e-017 -4.09180440995e-018 0
38.3564505896 -55.0207230225 0
55.0207230225 38.3564505896 0
-38.3564505896 55.0207230225 0
-55.0207230225 -38.3564505896 0
-1.55565012302e-017 -4.18455451767e-018 0
35.8694315013 -55.7011164123 0
55.7011164123 35.8694315013 0
-35.8694315013 55.7011164123 0
-55.7011164123 -35.8694315013 0
-1.56888501282e-017 -4.2773046254e-018 0
33.325954815 -56.2972310795 0
56.2972310795 33.325954815 0
-33.325954815 56.2972310795 0
-56.2972310795 -33.325954815 0
-1.58347515533e-017 -4.37005473312e-018 0
30.72784797 -56.8048520325 0
56.8048520325 30.72784797 0
-30.72784797 56.8048520325 0
-56.8048520325 -30.72784797 0
-1.60009817692e-017 -4.46280484085e-018 0
28.0772027528 -57.2196231924 0
57.2196231924 28.0772027528 0
-28.0772027528 57.2196231924 0
-57.2196231924 -28.0772027528 0
-1.61943170394e-017 -4.55555494857e-018 0
25.3764044089 -57.5370523914 0
57.5370523914 25.3764044089 0
-25.3764044089 57.5370523914 0
-57.5370523914 -25.3764044089 0
-1.64012048368e-017 -4.64830505629e-018 0
22.628163194 -57.7525193141 0
57.7525193141 22.628163194 0
-22.628163194 57.7525193141 0
-57.7525193141 -22.628163194 0
-1.66080926342e-017 -4.74105516402e-018 0
19.8355483513 -57.8612870098 0
57.8612870098 19.8355483513 0
-19.8355483513 57.8612870098 0
-57.8612870098 -19.8355483513 0
-1.68149804315e-017 -4.83719340353e-018 0
17.002024414 -57.8585176919 0
57.8585176919 17.002024414 0
-17.002024414 57.8585176919 0
-57.8585176919 -17.002024414 0
-1.70218682289e-017 -4.94010790662e-018 0
14.1314896241 -57.7392936372 0
57.7392936372 14.1314896241 0
-14.1314896241 57.7392936372 0
-57.7392936372 -14.1314896241 0
-1.72287560263e-017 -5.0464105415e-018 0
11.2283161074 -57.4986440875 0
57.4986440875 11.2283161074 0
-11.2283161074 57.4986440875 0
-57.4986440875 -11.2283161074 0
-1.74356438236e-017 -5.1493250446e-018 0
8.29739126054 -57.1315791411 0
57.1315791411 8.29739126054 0
-8.29739126054 57.1315791411 0
-57.1315791411 -8.29739126054 0
-1.7642531621e-017 -5.24207515232e-018 0
5.34415956739 -56.6331316792 0
56.6331316792 5.34415956739 0
-5.34415956739 56.6331316792 0
-56.6331316792 -5.34415956739 0
-1.78494194184e-017 -5.32804899647e-018 0
2.37466378046 -55.9984084073 0
55.9984084073 2.37466378046 0
-2.37466378046 55.9984084073 0
-55.9984084073 -2.37466378046 0
-1.80563072157e-017 -5.41317580767e-018 0
-0.604415938727 -55.2226510635 0
55.2226510635 -0.604415938727 0
0.604415938727 55.2226510635 0
-55.2226510635 0.604415938727 0
-1.82631950131e-017 -5.50211426713e-018 0
-3.58572671549 -54.3013087515 0
54.3013087515 -3.58572671549 0
3.58572671549 54.3013087515 0
-54.3013087515 3.58572671549 0
-1.84700828105e-017 -5.59909953959e-018 0
-6.56121372234 -53.2301221607 0
53.2301221607 -6.56121372234 0
6.56121372234 53.2301221607 0
-53.2301221607 6.56121372234 0
-1.86769706078e-017 -5.70116700973e-018 0
-9.52209968976 -52.0052201032 0
52.0052201032 -9.52209968976 0
9.52209968976 52.0052201032 0
-52.0052201032 9.52209968976 0
-1.88838584052e-017 -5.7947641504e-018 0
-12.4588763047 -50.6232283147 0
50.6232283147 -12.4588763047 0
12.4588763047 50.6232283147 0
-50.6232283147 12.4588763047 0
-1.90907462026e-017 -5.88497315929e-018 0
-15.3613110336 -49.0813897882 0
49.0813897882 -15.3613110336 0
15.3613110336 49.0813897882 0
-49.0813897882 15.3613110336 0
-1.92976339999e-017 -5.97518216817e-018 0
-18.2184731921 -47.3776950302 0
47.3776950302 -18.2184731921 0
18.2184731921 47.3776950302 0
-47.3776950302 18.2184731921 0
-1.95045217973e-017 -6.05861491347e-018 0
-21.0187831719 -45.5110195452 0
45.5110195452 -21.0187831719 0
21.0187831719 45.5110195452 0
-45.5110195452 21.0187831719 0
-1.97114095947e-017 -6.14882392236e-018 0
-23.7500885382 -43.4812645993 0
43.4812645993 -23.7500885382 0
23.7500885382 43.4812645993 0
-43.4812645993 23.7500885382 0
-1.9918297392e-017 -6.23903293124e-018 0
-26.3997701242 -41.2894959458 0
41.2894959458 -26.3997701242 0
26.3997701242 41.2894959458 0
-41.2894959458 26.3997701242 0
-2.01251851894e-017 -6.32246567654e-018 0
-28.9548801948 -38.938073844 0
38.938073844 -28.9548801948 0
28.9548801948 38.938073844 0
-38.938073844 28.9548801948 0
-2.03320729868e-017 -6.419450949e-018 0
-31.4023131668 -36.4307665175 0
36.4307665175 -31.4023131668 0
31.4023131668 36.4307665175 0
-36.4307665175 31.4023131668 0
-2.05389607841e-017 -6.52998874862e-018 0
-33.729007271 -33.7728383885 0
33.7728383885 -33.729007271 0
33.729007271 33.7728383885 0
-33.7728383885 33.729007271 0
-2.07458485815e-017 -6.64052654824e-018 0
-35.9221730056 -30.9711042265 0
30.9711042265 -35.9221730056 0
35.9221730056 30.9711042265 0
-30.9711042265 35.9221730056 0
-2.09527363789e-017 -6.7375118207e-018 0
-37.9695414588 -28.033940953 0
28.033940953 -37.9695414588 0
37.9695414588 28.033940953 0
-28.033940953 37.9695414588 0
-2.11596241762e-017 -6.820944566e-018 0
-39.8596228513 -24.9712504112 0
24.9712504112 -39.8596228513 0
39.8596228513 24.9712504112 0
-24.9712504112 39.8596228513 0
-2.13665119736e-017 -6.90437731131e-018 0
-41.5819633552 -21.7943689632 0
21.7943689632 -41.5819633552 0
41.5819633552 21.7943689632 0
-21.7943689632 41.5819633552 0
-2.1573399771e-017 -6.97425752946e-018 0
-43.1273867587 -18.5159231801 0
18.5159231801 -43.1273867587 0
43.1273867587 18.5159231801 0
-18.5159231801 43.1273867587 0
-2.17735113048e-017 -7.03058522045e-018 0
-44.4882072251 -15.1496348537 0
15.1496348537 -44.4882072251 0
44.4882072251 15.1496348537 0
-15.1496348537 44.4882072251 0
-2.19600703114e-017 -7.08691291144e-018 0
-45.658400436 -11.7100826222 0
11.7100826222 -45.658400436 0
45.658400436 11.7100826222 0
-11.7100826222 45.658400436 0
-2.2146629318e-017 -7.14324060243e-018 0
-46.6337228299 -8.21243114153 0
8.21243114153 -46.6337228299 0
46.6337228299 8.21243114153 0
-8.21243114153 46.6337228299 0
-2.23399645882e-017 -7.19956829342e-018 0
-47.4117722162 -4.67214143406 0
4.67214143406 -47.4117722162 0
47.4117722162 4.67214143406 0
-4.67214143406 47.4117722162 0
-2.25299117267e-017 -7.25589598442e-018 0
-47.9919873481 -1.10467743143 0
1.10467743143 -47.9919873481 0
47.9919873481 1.10467743143 0
-1.10467743143 47.9919873481 0
-2.27088474368e-017 -7.31222367541e-018 0
-48.3755885127 2.4747763968 0
-2.4747763968 -48.3755885127 0
48.3755885127 -2.4747763968 0
2.4747763968 48.3755885127 0
-2.28911712787e-017 -7.3685513664e-018 0
-48.5654652803 6.05157299016 0
-6.05157299016 -48.5654652803 0
48.5654652803 -6.05157299016 0
6.05157299016 48.5654652803 0
-2.30743421535e-017 -7.42487905739e-018 0
-48.5660207629 9.61182558984 0
-9.61182558984 -48.5660207629 0
48.5660207629 -9.61182558984 0
9.61182558984 48.5660207629 0
-2.32371842376e-017 -7.48120674839e-018 0
-48.3829837669 13.1425883683 0
-13.1425883683 -48.3829837669 0
48.3829837669 -13.1425883683 0
13.1425883683 48.3829837669 0
-2.33763093992e-017 -7.53753443938e-018 0
-48.0232009863 16.6319912346 0
-16.6319912346 -48.0232009863 0
48.0232009863 -16.6319912346 0
16.6319912346 48.0232009863 0
-2.35086582972e-017 -7.58030960322e-018 0
-47.4944209793 20.06932868 0
-20.06932868 -47.4944209793 0
47.4944209793 -20.06932868 0
20.06932868 47.4944209793 0
-2.36410071952e-017 -7.6095322399e-018 0
-46.8050803506 23.445105391 0
-23.445105391 -46.8050803506 0
46.8050803506 -23.445105391 0
23.445105391 46.8050803506 0
-2.37665798297e-017 -7.63875487658e-018 0
-45.9641006369 26.7510434711 0
-26.7510434711 -45.9641006369 0
45.9641006369 -26.7510434711 0
26.7510434711 45.9641006369 0
-2.38853762005e-017 -7.66797751326e-018 0
-44.9807021974 29.9800574127 0
-29.9800574127 -44.9807021974 0
44.9807021974 -29.9800574127 0
29.9800574127 44.9807021974 0
-2.40041725714e-017 -7.69720014994e-018 0
-43.8642392191 33.1262035212 0
-33.1262035212 -43.8642392191 0
43.8642392191 -33.1262035212 0
33.1262035212 43.8642392191 0
-2.41297452058e-017 -7.72642278662e-018 0
-42.6240579656 36.1846104359 0
-36.1846104359 -42.6240579656 0
42.6240579656 -36.1846104359 0
36.1846104359 42.6240579656 0
-2.42417653131e-017 -7.7556454233e-018 0
-41.269378749 39.1513968919 0
-39.1513968919 -41.269378749 0
41.269378749 -39.1513968919 0
39.1513968919 41.269378749 0
-2.43402328932e-017 -7.78486805998e-018 0
-39.8092008429 42.023582082 0
-42.023582082 -39.8092008429 0
39.8092008429 -42.023582082 0
42.023582082 39.8092008429 0
-2.44251479461e-017 -7.81409069666e-018 0
-38.252228669 44.7989930631 0
-44.7989930631 -38.252228669 0
38.252228669 -44.7989930631 0
44.7989930631 38.252228669 0
-2.44965104719e-017 -7.84331333334e-018 0
-36.6068170463 47.4761727073 0
-47.4761727073 -36.6068170463 0
36.6068170463 -47.4761727073 0
47.4761727073 36.6068170463 0
-2.45678729978e-017 -7.87253597002e-018 0
-34.8809330229 50.0542908135 0
-50.0542908135 -34.8809330229 0
34.8809330229 -50.0542908135 0
50.0542908135 34.8809330229 0
-2.46392355236e-017 -7.9017586067e-018 0
-33.0821317564 52.5330602109 0
-52.5330602109 -33.0821317564 0
33.0821317564 -52.5330602109 0
52.5330602109 33.0821317564 0
-2.47105980494e-017 -7.93098124338e-018 0
-31.2175440005 54.9126590296 0
-54.9126590296 -31.2175440005 0
31.2175440005 -54.9126590296 0
54.9126590296 31.2175440005 0
-2.47819605752e-017 -7.96020388006e-018 0
-29.2938729509 57.1936597815 0
-57.1936597815 -29.2938729509 0
29.2938729509 -57.1936597815 0
57.1936597815 29.2938729509 0
-2.4853323101e-017 -7.98942651674e-018 0
-27.3173984415 59.3769654878 0
-59.3769654878 -27.3173984415 0
27.3173984415 -59.3769654878 0
59.3769654878 27.3173984415 0
-2.49246856268e-017 -8.02203728521e-018 0
-25.2939867559 61.4637527887 0
-61.4637527887 -25.2939867559 0
25.2939867559 -61.4637527887 0
61.4637527887 25.2939867559 0
-2.49960481526e-017 -8.05464805368e-018 0
-23.2291045774 63.4554217615 0
-63.4554217615 -23.2291045774 0
23.2291045774 -63.4554217615 0
63.4554217615 23.2291045774 0
-2.50674106784e-017 -8.08048255857e-018 0
-21.1278358578 65.3535520324 0
-65.3535520324 -21.1278358578 0
21.1278358578 -65.3535520324 0
65.3535520324 21.1278358578 0
-2.51319969406e-017 -8.09954079988e-018 0
-18.9949006085 67.1598646905 0
-67.1598646905 -18.9949006085 0
18.9949006085 -67.1598646905 0
67.1598646905 18.9949006085 0
-2.51830306757e-017 -8.11182277762e-018 0
-16.8346748201 68.8761894699 0
-68.8761894699 -16.8346748201 0
16.8346748201 -68.8761894699 0
68.8761894699 16.8346748201 0
-2.52340644108e-017 -8.11902255767e-018 0
-14.6512108865 70.5044366621 0
-70.5044366621 -14.6512108865 0
14.6512108865 -70.5044366621 0
70.5044366621 14.6512108865 0
-2.52850981458e-017 -8.12452827183e-018 0
-12.4482580555 72.0465732298 0
-72.0465732298 -12.4482580555 0
12.4482580555 -72.0465732298 0
72.0465732298 12.4482580555 0
-2.53225793538e-017 -8.13172805188e-018 0
-10.2292825471 73.504602627 0
-73.504602627 -10.2292825471 0
10.2292825471 -73.504602627 0
73.504602627 10.2292825471 0
-2.53600605617e-017 -8.13977486488e-018 0
-7.99748707821 74.8805478591 0
-74.8805478591 -7.99748707821 0
7.99748707821 -74.8805478591 0
74.8805478591 7.99748707821 0
-2.54043180332e-017 -8.14866871082e-018 0
-5.75582961009 76.1764373638 0
-76.1764373638 -5.75582961009 0
5.75582961009 -76.1764373638 0
76.1764373638 5.75582961009 0
-2.54485755047e-017 -8.15925662266e-018 0
-3.50704119797 77.3942933308 0
-77.3942933308 -3.50704119797 0
3.50704119797 -77.3942933308 0
77.3942933308 3.50704119797 0
-2.54928329762e-017 -8.16942101803e-018 0
-1.25364286961 78.5361221215 0
-78.5361221215 -1.25364286961 0
1.25364286961 -78.5361221215 0
78.5361221215 1.25364286961 0
-2.55303141841e-017 -8.17577376514e-018 0
1.00203850297 79.6039064875 0
-79.6039064875 1.00203850297 0
-1.00203850297 -79.6039064875 0
79.6039064875 -1.00203850297 0
-2.55610191284e-017 -8.18043244635e-018 0
3.25785534618 80.5995993262 0
-80.5995993262 3.25785534618 0
-3.25785534618 -80.5995993262 0
80.5995993262 -3.25785534618 0
-2.55917240727e-017 -8.18551464403e-018 0
5.51182552908 81.5251187418 0
-81.5251187418 5.51182552908 0
-5.51182552908 -81.5251187418 0
81.5251187418 -5.51182552908 0
-2.56224290171e-017 -8.18847925934e-018 0
7.76211948122 82.3823442123 0
-82.3823442123 7.76211948122 0
-7.76211948122 -82.3823442123 0
82.3823442123 -7.76211948122 0
-2.56531339614e-017 -8.19229090761e-018 0
10.0070482458 83.17311369 0
-83.17311369 10.0070482458 0
-10.0070482458 -83.17311369 0
83.17311369 -10.0070482458 0
-2.56838389058e-017 -8.19525552292e-018 0
12.2450524231 83.8992214854 0
-83.8992214854 12.2450524231 0
-12.2450524231 -83.8992214854 0
83.8992214854 -12.2450524231 0
-2.57145438501e-017 -8.19229090761e-018 0
14.4746919551 84.5624168078 0
-84.5624168078 14.4746919551 0
-14.4746919551 -84.5624168078 0
84.5624168078 -14.4746919551 0
-2.57452487944e-017 -8.1859381605e-018 0
16.6946366999 85.1644028525 0
-85.1644028525 16.6946366999 0
-16.6946366999 -85.1644028525 0
85.1644028525 -16.6946366999 0
-2.57759537388e-017 -8.1778913475e-018 0
18.9036577446 85.7068363401 0
-85.7068363401 18.9036577446 0
-18.9036577446 -85.7068363401 0
85.7068363401 -18.9036577446 0
-2.58066586831e-017 -8.1698445345e-018 0
21.1006194052 86.1913274302 0
-86.1913274302 21.1006194052 0
-21.1006194052 -86.1913274302 0
86.1913274302 -21.1006194052 0
-2.58373636275e-017 -8.1634917874e-018 0
23.2844718648 86.6194399391 0
-86.6194399391 23.2844718648 0
-23.2844718648 -86.6194399391 0
86.6194399391 -23.2844718648 0
-2.58680685718e-017 -8.1554449744e-018 0
25.4542444014 86.9926918065 0
-86.9926918065 25.4542444014 0
-25.4542444014 -86.9926918065 0
86.9926918065 -25.4542444014 0
-2.58987735161e-017 -8.14570409551e-018 0
27.6090391605 87.3125557614 0
-87.3125557614 27.6090391605 0
-27.6090391605 -87.3125557614 0
87.3125557614 -27.6090391605 0
-2.59294784605e-017 -8.13426915072e-018 0
29.7480254311 87.5804601453 0
-87.5804601453 29.7480254311 0
-29.7480254311 -87.5804601453 0
87.5804601453 -29.7480254311 0
-2.59601834048e-017 -8.11944607414e-018 0
31.8704343825 87.7977898605 0
-87.7977898605 31.8704343825 0
-31.8704343825 -87.7977898605 0
87.7977898605 -31.8704343825 0
-2.59908883491e-017 -8.10462299757e-018 0
33.9755542273 87.9658874123 0
-87.9658874123 33.9755542273 0
-33.9755542273 -87.9658874123 0
87.9658874123 -33.9755542273 0
-2.60215932935e-017 -8.08979992099e-018 0
36.0627257745 88.086054022 0
-88.086054022 36.0627257745 0
-36.0627257745 -88.086054022 0
88.086054022 -36.0627257745 0
-2.60522982378e-017 -8.07497684441e-018 0
38.1313383404 88.1595507902 0
-88.1595507902 38.1313383404 0
-38.1313383404 -88.1595507902 0
88.1595507902 -38.1313383404 0
-2.60830031822e-017 -8.06184783373e-018 0
40.1808259887 88.1875998934 0
-88.1875998934 40.1808259887 0
-40.1808259887 -88.1875998934 0
88.1875998934 -40.1808259887 0
-2.61137081265e-017 -8.05041288894e-018 0
42.2106640716 88.1713858002 0
-88.1713858002 42.2106640716 0
-42.2106640716 -88.1713858002 0
88.1713858002 -42.2106640716 0
-2.61444130708e-017 -8.04067201005e-018 0
44.2203660476 88.1120564957 0
-88.1120564957 44.2203660476 0
-44.2203660476 -88.1120564957 0
88.1120564957 -44.2203660476 0
-2.61751180152e-017 -8.02754299937e-018 0
46.2094805519 88.0107247043 0
-88.0107247043 46.2094805519 0
-46.2094805519 -88.0107247043 0
88.0107247043 -46.2094805519 0
-2.62058229595e-017 -8.009331791e-018 0
48.1775886991 87.8684691039 0
-87.8684691039 48.1775886991 0
-48.1775886991 -87.8684691039 0
87.8684691039 -48.1775886991 0
-2.62365279038e-017 -7.99281464853e-018 0
50.1243015987 87.6863355247 0
-87.6863355247 50.1243015987 0
-50.1243015987 -87.6863355247 0
87.6863355247 -50.1243015987 0
-2.62672328482e-017 -7.98137970374e-018 0
52.0492580654 87.4653381286 0
-87.4653381286 52.0492580654 0
-52.0492580654 -87.4653381286 0
87.4653381286 -52.0492580654 0
-2.62979377925e-017 -7.96994475895e-018 0
53.9521225078 87.2064605642 0
-87.2064605642 53.9521225078 0
-53.9521225078 -87.2064605642 0
87.2064605642 -53.9521225078 0
-2.63286427369e-017 -7.95681574827e-018 0
55.8325829814 86.9106570957 0
-86.9106570957 55.8325829814 0
-55.8325829814 -86.9106570957 0
86.9106570957 -55.8325829814 0
-2.63593476812e-017 -7.94538080348e-018 0
57.6903493915 86.5788537022 0
-86.5788537022 57.6903493915 0
-57.6903493915 -86.5788537022 0
86.5788537022 -57.6903493915 0
-2.63900526255e-017 -7.93563992459e-018 0
59.5251518342 86.2119491473 0
-86.2119491473 59.5251518342 0
-59.5251518342 -86.2119491473 0
86.2119491473 -59.5251518342 0
-2.64207575699e-017 -7.92928717748e-018 0
61.3367390634 85.8108160167 0
-85.8108160167 61.3367390634 0
-61.3367390634 -85.8108160167 0
85.8108160167 -61.3367390634 0
-2.64514625142e-017 -7.92293443038e-018 0
63.1248770746 85.3763017234 0
-85.3763017234 63.1248770746 0
-63.1248770746 -85.3763017234 0
85.3763017234 -63.1248770746 0
-2.64821674586e-017 -7.91319355149e-018 0
64.8893477949 84.9092294805 0
-84.9092294805 64.8893477949 0
-64.8893477949 -84.9092294805 0
84.9092294805 -64.8893477949 0
-2.65128724029e-017 -7.9000645408e-018 0
66.6299478709 84.410399242 0
-84.410399242 66.6299478709 0
-66.6299478709 -84.410399242 0
84.410399242 -66.6299478709 0
-2.65435773472e-017 -7.88693553012e-018 0
68.3464875469 83.8805886103 0
-83.8805886103 68.3464875469 0
-68.3464875469 -83.8805886103 0
83.8805886103 -68.3464875469 0
-2.65742822916e-017 -7.87380651944e-018 0
70.0387896259 83.3205537121 0
-83.3205537121 70.0387896259 0
-70.0387896259 -83.3205537121 0
83.3205537121 -70.0387896259 0
-2.66049872359e-017 -7.86067750876e-018 0
71.7066885064 82.7310300438 0
-82.7310300438 71.7066885064 0
-71.7066885064 -82.7310300438 0
82.7310300438 -71.7066885064 0
-2.66356921802e-017 -7.85093662986e-018 0
73.3500292898 82.1127332847 0
-82.1127332847 73.3500292898 0
-73.3500292898 -82.1127332847 0
82.1127332847 -73.3500292898 0
-2.66663971246e-017 -7.84119575097e-018 0
74.968666952 81.4663600813 0
-81.4663600813 74.968666952 0
-74.968666952 -81.4663600813 0
81.4663600813 -74.968666952 0
-2.66971020689e-017 -7.83484300387e-018 0
76.5624655743 80.7925888022 0
-80.7925888022 76.5624655743 0
-76.5624655743 -80.7925888022 0
80.7925888022 -76.5624655743 0
-2.67278070133e-017 -7.83187838855e-018 0
78.1312976297 80.0920802645 0
-80.0920802645 78.1312976297 0
-78.1312976297 -80.0920802645 0
80.0920802645 -78.1312976297 0
-2.67585119576e-017 -7.82552564145e-018 0
79.6750433189 79.3654784338 0
-79.3654784338 79.6750433189 0
-79.6750433189 -79.3654784338 0
79.3654784338 -79.6750433189 0
-2.67892169019e-017 -7.81917289434e-018 0
81.1935899537 78.6134110962 0
-78.6134110962 81.1935899537 0
-81.1935899537 -78.6134110962 0
78.6134110962 -81.1935899537 0
-2.68199218463e-017 -7.81620827903e-018 0
82.6868313828 77.8364905068 0
-77.8364905068 82.6868313828 0
-82.6868313828 -77.8364905068 0
77.8364905068 -82.6868313828 0
-2.68506267906e-017 -7.81324366371e-018 0
84.1546674575 77.0353140122 0
-77.0353140122 84.1546674575 0
-84.1546674575 -77.0353140122 0
77.0353140122 -84.1546674575 0
-2.68813317349e-017 -7.81366718018e-018 0
85.5970035342 76.2104646507 0
-76.2104646507 85.5970035342 0
-85.5970035342 -76.2104646507 0
76.2104646507 -85.5970035342 0
-2.69120366793e-017 -7.81747882845e-018 0
87.0137500106 75.3625117289 0
-75.3625117289 87.0137500106 0
-87.0137500106 -75.3625117289 0
75.3625117289 -87.0137500106 0
-2.69427416236e-017 -7.8246786085e-018 0
88.4048218933 74.4920113771 0
-74.4920113771 88.4048218933 0
-88.4048218933 -74.4920113771 0
74.4920113771 -88.4048218933 0
-2.6973446568e-017 -7.83865465213e-018 0
89.7701383944 73.5995070847 0
-73.5995070847 89.7701383944 0
-89.7701383944 -73.5995070847 0
73.5995070847 -89.7701383944 0
-2.70041515123e-017 -7.85263069576e-018 0
91.1096225551 72.6855302147 0
-72.6855302147 91.1096225551 0
-91.1096225551 -72.6855302147 0
72.6855302147 -91.1096225551 0
-2.70348564566e-017 -7.8632186076e-018 0
92.4232008937 71.7506004996 0
-71.7506004996 92.4232008937 0
-92.4232008937 -71.7506004996 0
71.7506004996 -92.4232008937 0
-2.7065561401e-017 -7.87041838765e-018 0
93.710803077 70.7952265197 0
-70.7952265197 93.710803077 0
-93.710803077 -70.7952265197 0
70.7952265197 -93.710803077 0
-2.70962663453e-017 -7.87423003591e-018 0
94.9723616125 69.8199061637 0
-69.8199061637 94.9723616125 0
-94.9723616125 -69.8199061637 0
69.8199061637 -94.9723616125 0
-2.71269712896e-017 -7.88142981596e-018 0
96.2078115614 68.8251270724 0
-68.8251270724 96.2078115614 0
-96.2078115614 -68.8251270724 0
68.8251270724 -96.2078115614 0
-2.7157676234e-017 -7.88862959602e-018 0
97.4170902685 67.811367068 0
-67.811367068 97.4170902685 0
-97.4170902685 -67.811367068 0
67.811367068 -97.4170902685 0
-2.71883811783e-017 -7.89244124428e-018 0
98.60013711 66.779094567 0
-66.779094567 98.60013711 0
-98.60013711 -66.779094567 0
66.779094567 -98.60013711 0
-2.72190861227e-017 -7.89625289254e-018 0
99.7568932572 65.7287689799 0
-65.7287689799 99.7568932572 0
-99.7568932572 -65.7287689799 0
65.7287689799 -99.7568932572 0
-2.7249791067e-017 -7.9000645408e-018 0
100.887301454 64.6608410964 0
-64.6608410964 100.887301454 0
-100.887301454 -64.6608410964 0
64.6608410964 -100.887301454 0
-2.72804960113e-017 -7.90387618907e-018 0
101.991305809 63.575753459 0
-63.575753459 101.991305809 0
-101.991305809 -63.575753459 0
63.575753459 -101.991305809 0
-2.73112009557e-017 -7.90768783733e-018 0
103.068851599 62.4739407232 0
-62.4739407232 103.068851599 0
-103.068851599 -62.4739407232 0
62.4739407232 -103.068851599 0
-2.73419059e-017 -7.91149948559e-018 0
104.119885085 61.3558300067 0
-61.3558300067 104.119885085 0
-104.119885085 -61.3558300067 0
61.3558300067 -104.119885085 0
-2.73726108444e-017 -7.91531113385e-018 0
105.144353341 60.221841227 0
-60.221841227 105.144353341 0
-105.144353341 -60.221841227 0
60.221841227 -105.144353341 0
-2.74033157887e-017 -7.91912278212e-018 0
106.142204089 59.0723874299 0
-59.0723874299 106.142204089 0
-106.142204089 -59.0723874299 0
59.0723874299 -106.142204089 0
-2.7434020733e-017 -7.92632256217e-018 0
107.113385543 57.9078751061 0
-57.9078751061 107.113385543 0
-107.113385543 -57.9078751061 0
57.9078751061 -107.113385543 0
-2.74647256774e-017 -7.93691047401e-018 0
108.057846272 56.7287045004 0
-56.7287045004 108.057846272 0
-108.057846272 -56.7287045004 0
56.7287045004 -108.057846272 0
-2.74954306217e-017 -7.94749838585e-018 0
108.975535055 55.5352699108 0
-55.5352699108 108.975535055 0
-108.975535055 -55.5352699108 0
55.5352699108 -108.975535055 0
-2.7526135566e-017 -7.95808629769e-018 0
109.866400757 54.3279599799 0
-54.3279599799 109.866400757 0
-109.866400757 -54.3279599799 0
54.3279599799 -109.866400757 0
-2.75568405104e-017 -7.96867420953e-018 0
110.730392205 53.1071579777 0
-53.1071579777 110.730392205 0
-110.730392205 -53.1071579777 0
53.1071579777 -110.730392205 0
-2.75875454547e-017 -7.97926212137e-018 0
111.567458073 51.8732420784 0
-51.8732420784 111.567458073 0
-111.567458073 -51.8732420784 0
51.8732420784 -111.567458073 0
-2.76182503991e-017 -7.993238165e-018 0
112.377546776 50.6265856284 0
-50.6265856284 112.377546776 0
-112.377546776 -50.6265856284 0
50.6265856284 -112.377546776 0
-2.76489553434e-017 -8.01060234042e-018 0
113.160606361 49.3675574094 0
-49.3675574094 113.160606361 0
-113.160606361 -49.3675574094 0
49.3675574094 -113.160606361 0
-2.76796602877e-017 -8.03135464763e-018 0
113.916584414 48.0965218945 0
-48.0965218945 113.916584414 0
-113.916584414 -48.0965218945 0
48.0965218945 -113.916584414 0
-2.77103652321e-017 -8.05549508663e-018 0
114.645427964 46.8138394988 0
-46.8138394988 114.645427964 0
-114.645427964 -46.8138394988 0
46.8138394988 -114.645427964 0
-2.77402231435e-017 -8.07963552562e-018 0
115.347083396 45.5198668247 0
-45.5198668247 115.347083396 0
-115.347083396 -45.5198668247 0
45.5198668247 -115.347083396 0
-2.77692340219e-017 -8.10038783283e-018 0
116.021496368 44.2149569024 0
-44.2149569024 116.021496368 0
-116.021496368 -44.2149569024 0
44.2149569024 -116.021496368 0
-2.77982449003e-017 -8.11775200825e-018 0
116.668611729 42.8994594257 0
-42.8994594257 116.668611729 0
-116.668611729 -42.8994594257 0
42.8994594257 -116.668611729 0
-2.78272557788e-017 -8.13511618367e-018 0
117.288373444 41.5737209835 0
-41.5737209835 117.288373444 0
-117.288373444 -41.5737209835 0
41.5737209835 -117.288373444 0
-2.78571136902e-017 -8.15248035909e-018 0
117.880724523 40.2380852879 0
-40.2380852879 117.880724523 0
-117.880724523 -40.2380852879 0
40.2380852879 -117.880724523 0
-2.78878186345e-017 -8.1698445345e-018 0
118.445606951 38.8928933981 0
-38.8928933981 118.445606951 0
-118.445606951 -38.8928933981 0
38.8928933981 -118.445606951 0
-2.79185235789e-017 -8.19059684171e-018 0
118.98296162 37.5384839419 0
-37.5384839419 118.98296162 0
-118.98296162 -37.5384839419 0
37.5384839419 -118.98296162 0
-2.79483814902e-017 -8.21473728071e-018 0
119.492728269 36.1751933336 0
-36.1751933336 119.492728269 0
-119.492728269 -36.1751933336 0
36.1751933336 -119.492728269 0
-2.79773923687e-017 -8.23887771971e-018 0
119.974845424 34.80335599 0
-34.80335599 119.974845424 0
-119.974845424 -34.80335599 0
34.80335599 -119.974845424 0
-2.80072502801e-017 -8.2630181587e-018 0
120.429250338 33.4233045443 0
-33.4233045443 120.429250338 0
-120.429250338 -33.4233045443 0
33.4233045443 -120.429250338 0
-2.80379552244e-017 -8.2871585977e-018 0
120.855878939 32.035370057 0
-32.035370057 120.855878939 0
-120.855878939 -32.035370057 0
32.035370057 -120.855878939 0
-2.80686601688e-017 -8.31468716849e-018 0
121.254665775 30.6398822267 0
-30.6398822267 121.254665775 0
-121.254665775 -30.6398822267 0
30.6398822267 -121.254665775 0
-2.80993651131e-017 -8.34899200285e-018 0
121.625543964 29.2371695989 0
-29.2371695989 121.625543964 0
-121.625543964 -29.2371695989 0
29.2371695989 -121.625543964 0
-2.81292230245e-017 -8.386684969e-018 0
121.968445149 27.8275597735 0
-27.8275597735 121.968445149 0
-121.968445149 -27.8275597735 0
27.8275597735 -121.968445149 0
-2.815738687e-017 -8.42437793515e-018 0
122.283299446 26.4113796127 0
-26.4113796127 122.283299446 0
-122.283299446 -26.4113796127 0
26.4113796127 -122.283299446 0
-2.81838566496e-017 -8.46207090131e-018 0
122.570035405 24.9889554472 0
-24.9889554472 122.570035405 0
-122.570035405 -24.9889554472 0
24.9889554472 -122.570035405 0
-2.82094793962e-017 -8.49976386746e-018 0
122.828579965 23.5606132838 0
-23.5606132838 122.828579965 0
-122.828579965 -23.5606132838 0
23.5606132838 -122.828579965 0
-2.82355256594e-017 -8.53745683361e-018 0
123.058858414 22.126679012 0
-22.126679012 123.058858414 0
-123.058858414 -22.126679012 0
22.126679012 -123.058858414 0
-2.8261148406e-017 -8.57514979977e-018 0
123.260794351 20.6874786119 0
-20.6874786119 123.260794351 0
-123.260794351 -20.6874786119 0
20.6874786119 -123.260794351 0
-2.82867711527e-017 -8.61284276592e-018 0
123.434309647 19.2433383626 0
-19.2433383626 123.434309647 0
-123.434309647 -19.2433383626 0
19.2433383626 -123.434309647 0
-2.83136644488e-017 -8.65053573207e-018 0
123.579324412 17.7945850525 0
-17.7945850525 123.579324412 0
-123.579324412 -17.7945850525 0
17.7945850525 -123.579324412 0
-2.83418282942e-017 -8.68822869822e-018 0
123.695756959 16.3415461898 0
-16.3415461898 123.695756959 0
-123.695756959 -16.3415461898 0
16.3415461898 -123.695756959 0
-2.83716862056e-017 -8.72592166438e-018 0
123.783523776 14.884550216 0
-14.884550216 123.783523776 0
-123.783523776 -14.884550216 0
14.884550216 -123.783523776 0
-2.84036616994e-017 -8.76361463053e-018 0
123.842539489 13.423926721 0
-13.423926721 123.842539489 0
-123.842539489 -13.423926721 0
13.423926721 -123.842539489 0
-2.84360607096e-017 -8.80130759668e-018 0
123.872716841 11.9600066607 0
-11.9600066607 123.872716841 0
-123.872716841 -11.9600066607 0
11.9600066607 -123.872716841 0
-2.84688832363e-017 -8.83900056284e-018 0
123.873966658 10.4931225777 0
-10.4931225777 123.873966658 0
-123.873966658 -10.4931225777 0
10.4931225777 -123.873966658 0
-2.8502552796e-017 -8.87669352899e-018 0
123.846197829 9.02360882446 0
-9.02360882446 123.846197829 0
-123.846197829 -9.02360882446 0
9.02360882446 -123.846197829 0
-2.85351635645e-017 -8.91438649514e-018 0
123.78931728 7.55180179075 0
-7.55180179075 123.78931728 0
-123.78931728 -7.55180179075 0
7.55180179075 -123.78931728 0
-2.85669273e-017 -8.95207946129e-018 0
123.703229954 6.07804013443 0
-6.07804013443 123.703229954 0
-123.703229954 -6.07804013443 0
6.07804013443 -123.703229954 0
-2.8599114552e-017 -8.98977242745e-018 0
123.587838789 4.60266501666 0
-4.60266501666 123.587838789 0
-123.587838789 -4.60266501666 0
4.60266501666 -123.587838789 0
-2.86303488919e-017 -9.0274653936e-018 0
123.443044703 3.12602034164 0
-3.12602034164 123.443044703 0
-123.443044703 -3.12602034164 0
3.12602034164 -123.443044703 0
-2.86611597154e-017 -9.06515835975e-018 0
123.268746576 1.64845300139 0
-1.64845300139 123.268746576 0
-123.268746576 -1.64845300139 0
1.64845300139 -123.268746576 0
-2.86915999619e-017 -9.10285132591e-018 0
123.064841239 0.170313125895 0
-0.170313125895 123.064841239 0
-123.064841239 -0.170313125895 0
0.170313125895 -123.064841239 0
-2.87211236923e-017 -9.14054429206e-018 0
122.831223462 -1.3080456609 0
1.3080456609 122.831223462 0
-122.831223462 1.3080456609 0
-1.3080456609 -122.831223462 0
-2.87496779671e-017 -9.17823725821e-018 0
122.567785944 -2.78626597887 0
2.78626597887 122.567785944 0
-122.567785944 2.78626597887 0
-2.78626597887 -122.567785944 0
-2.87757440825e-017 -9.21593022436e-018 0
122.274419311 -4.26398642272 0
4.26398642272 122.274419311 0
-122.274419311 4.26398642272 0
-4.26398642272 -122.274419311 0
-2.87993220387e-017 -9.25362319052e-018 0
121.951012109 -5.74084128592 0
5.74084128592 121.951012109 0
-121.951012109 5.74084128592 0
-5.74084128592 -121.951012109 0
-2.88217353246e-017 -9.29131615667e-018 0
121.597450808 -7.21646027688 0
7.21646027688 121.597450808 0
-121.597450808 7.21646027688 0
-7.21646027688 -121.597450808 0
-2.88452074017e-017 -9.32900912282e-018 0
121.213619802 -8.69046822701 0
8.69046822701 121.213619802 0
-121.213619802 8.69046822701 0
-8.69046822701 -121.213619802 0
-2.88697382699e-017 -9.36670208897e-018 0
120.799401418 -10.1624847901 0
10.1624847901 120.799401418 0
-120.799401418 10.1624847901 0
-10.1624847901 -120.799401418 0
-2.88942691381e-017 -9.40439505513e-018 0
120.354675929 -11.6321241323 0
11.6321241323 120.354675929 0
-120.354675929 11.6321241323 0
-11.6321241323 -120.354675929 0
-2.89188000064e-017 -9.44208802128e-018 0
119.879321565 -13.0989946126 0
13.0989946126 119.879321565 0
-119.879321565 13.0989946126 0
-13.0989946126 -119.879321565 0
-2.8945448457e-017 -9.47978098743e-018 0
119.373214534 -14.5626984525 0
14.5626984525 119.373214534 0
-119.373214534 14.5626984525 0
-14.5626984525 -119.373214534 0
-2.897421449e-017 -9.51747395359e-018 0
118.836229049 -16.0228313952 0
16.0228313952 118.836229049 0
-118.836229049 16.0228313952 0
-16.0228313952 -118.836229049 0
-2.90046745889e-017 -9.55516691974e-018 0
118.268237357 -17.4789823522 0
17.4789823522 118.268237357 0
-118.268237357 17.4789823522 0
-17.4789823522 -118.268237357 0
-2.90364052372e-017 -9.59285988589e-018 0
117.669109771 -18.9307330384 0
18.9307330384 117.669109771 0
-117.669109771 18.9307330384 0
-18.9307330384 -117.669109771 0
-2.9066865336e-017 -9.63055285204e-018 0
117.038714719 -20.3776575939 0
20.3776575939 117.038714719 0
-117.038714719 20.3776575939 0
-20.3776575939 -117.038714719 0
-2.9095631369e-017 -9.6682458182e-018 0
116.376918785 -21.8193221913 0
21.8193221913 116.376918785 0
-116.376918785 21.8193221913 0
-21.8193221913 -116.376918785 0
-2.91248209185e-017 -9.70593878435e-018 0
115.683586773 -23.2552846296 0
23.2552846296 115.683586773 0
-115.683586773 23.2552846296 0
-23.2552846296 -115.683586773 0
-2.9153163435e-017 -9.74701988229e-018 0
114.958581766 -24.6850939113 0
24.6850939113 114.958581766 0
-114.958581766 24.6850939113 0
-24.6850939113 -114.958581766 0
-2.91798118856e-017 -9.79148911202e-018 0
114.201765201 -26.1082898046 0
26.1082898046 114.201765201 0
-114.201765201 26.1082898046 0
-26.1082898046 -114.201765201 0
-2.92064603362e-017 -9.83595834175e-018 0
113.412996955 -27.5244023869 0
27.5244023869 113.412996955 0
-113.412996955 27.5244023869 0
-27.5244023869 -113.412996955 0
-2.92314147209e-017 -9.88381570327e-018 0
112.592135433 -28.9329515717 0
28.9329515717 112.592135433 0
-112.592135433 28.9329515717 0
-28.9329515717 -112.592135433 0
-2.92563691057e-017 -9.93167306479e-018 0
111.739037678 -30.3334466151 0
30.3334466151 111.739037678 0
-111.739037678 30.3334466151 0
-30.3334466151 -111.739037678 0
-2.92821705233e-017 -9.97614229452e-018 0
110.853559483 -31.7253856034 0
31.7253856034 110.853559483 0
-110.853559483 31.7253856034 0
-31.7253856034 -110.853559483 0
-2.93062778751e-017 -1.00206115243e-017 0
109.935555529 -33.1082549181 0
33.1082549181 109.935555529 0
-109.935555529 33.1082549181 0
-33.1082549181 -109.935555529 0
-2.93312322598e-017 -1.0065080754e-017 0
108.984879526 -34.48152868 0
34.48152868 108.984879526 0
-108.984879526 34.48152868 0
-34.48152868 -108.984879526 0
-2.93587277434e-017 -1.01095499837e-017 0
108.001384376 -35.8446681687 0
35.8446681687 108.001384376 0
-108.001384376 35.8446681687 0
-35.8446681687 -108.001384376 0
-2.93862232269e-017 -1.01540192134e-017 0
106.984922353 -37.1971212183 0
37.1971212183 106.984922353 0
-106.984922353 37.1971212183 0
-37.1971212183 -106.984922353 0
-2.94111776117e-017 -1.01984884432e-017 0
105.935345306 -38.5383215863 0
38.5383215863 105.935345306 0
-105.935345306 38.5383215863 0
-38.5383215863 -105.935345306 0
-2.94327438646e-017 -1.02429576729e-017 0
104.852504872 -39.8676882961 0
39.8676882961 104.852504872 0
-104.852504872 39.8676882961 0
-39.8676882961 -104.852504872 0
-2.94492279198e-017 -1.02874269026e-017 0
103.736252725 -41.1846249501 0
41.1846249501 103.736252725 0
-103.736252725 41.1846249501 0
-41.1846249501 -103.736252725 0
-2.94623238433e-017 -1.03318961324e-017 0
102.586440845 -42.4885190132 0
42.4885190132 102.586440845 0
-102.586440845 42.4885190132 0
-42.4885190132 -102.586440845 0
-2.94771138326e-017 -1.03763653621e-017 0
101.402921811 -43.7787410646 0
43.7787410646 101.402921811 0
-101.402921811 43.7787410646 0
-43.7787410646 -101.402921811 0
-2.94935978879e-017 -1.04208345918e-017 0
100.185549127 -45.0546440165 0
45.0546440165 100.185549127 0
-100.185549127 45.0546440165 0
-45.0546440165 -100.185549127 0
-2.95083878772e-017 -1.04653038216e-017 0
98.9341775864 -46.3155622989 0
46.3155622989 98.9341775864 0
-98.9341775864 46.3155622989 0
-46.3155622989 -98.9341775864 0
-2.95231778666e-017 -1.05097730513e-017 0
97.6486636604 -47.5608110068 0
47.5608110068 97.6486636604 0
-97.6486636604 47.5608110068 0
-47.5608110068 -97.6486636604 0
-2.95362737901e-017 -1.0554242281e-017 0
96.328865937 -48.7896850111 0
48.7896850111 96.328865937 0
-96.328865937 48.7896850111 0
-48.7896850111 -96.328865937 0
-2.95476756476e-017 -1.05987115108e-017 0
94.9746455969 -50.0014580294 0
50.0014580294 94.9746455969 0
-94.9746455969 50.0014580294 0
-50.0014580294 -94.9746455969 0
-2.95641597029e-017 -1.06431807405e-017 0
93.5858669374 -51.1953816551 0
51.1953816551 93.5858669374 0
-93.5858669374 51.1953816551 0
-51.1953816551 -93.5858669374 0
-2.95840318899e-017 -1.06876499702e-017 0
92.1623979493 -52.3706843451 0
52.3706843451 92.1623979493 0
-92.1623979493 52.3706843451 0
-52.3706843451 -92.1623979493 0
-2.96055981428e-017 -1.07321191999e-017 0
90.7041109484 -53.5265703613 0
53.5265703613 90.7041109484 0
-90.7041109484 53.5265703613 0
-53.5265703613 -90.7041109484 0
-2.96254703299e-017 -1.07765884297e-017 0
89.210883269 -54.6622186677 0
54.6622186677 89.210883269 0
-89.210883269 54.6622186677 0
-54.6622186677 -89.210883269 0
-2.96402603192e-017 -1.08210576594e-017 0
87.6825980257 -55.7767817786 0
55.7767817786 87.6825980257 0
-87.6825980257 55.7767817786 0
-55.7767817786 -87.6825980257 0
-2.96499681109e-017 -1.08655268891e-017 0
86.1191449477 -56.8693845578 0
56.8693845578 86.1191449477 0
-86.1191449477 56.8693845578 0
-56.8693845578 -86.1191449477 0
-2.96562877708e-017 -1.09099961189e-017 0
84.5204212947 -57.9391229675 0
57.9391229675 84.5204212947 0
-84.5204212947 57.9391229675 0
-57.9391229675 -84.5204212947 0
-2.96626074306e-017 -1.09544653486e-017 0
82.886332861 -58.9850627655 0
58.9850627655 82.886332861 0
-82.886332861 58.9850627655 0
-58.9850627655 -82.886332861 0
-2.96689270905e-017 -1.09989345783e-017 0
81.2167950759 -60.0062381482 0
60.0062381482 81.2167950759 0
-81.2167950759 60.0062381482 0
-60.0062381482 -81.2167950759 0
-2.96718586186e-017 -1.10434038081e-017 0
79.5117342113 -61.0016503415 0
61.0016503415 79.5117342113 0
-79.5117342113 61.0016503415 0
-61.0016503415 -79.5117342113 0
-2.96747901467e-017 -1.10878730378e-017 0
77.7710887037 -61.9702661358 0
61.9702661358 77.7710887037 0
-77.7710887037 61.9702661358 0
-61.9702661358 -77.7710887037 0
-2.96844979384e-017 -1.11323422675e-017 0
75.9948106048 -62.911016368 0
62.911016368 75.9948106048 0
-75.9948106048 62.911016368 0
-62.911016368 -75.9948106048 0
-2.97009819936e-017 -1.11768114973e-017 0
74.18286717 -63.8227943478 0
63.8227943478 74.18286717 0
-74.18286717 63.8227943478 0
-63.8227943478 -74.18286717 0
-2.97174660489e-017 -1.1221280727e-017 0
72.3352425997 -64.7044542323 0
64.7044542323 72.3352425997 0
-72.3352425997 64.7044542323 0
-64.7044542323 -72.3352425997 0
-2.97271738405e-017 -1.12657499567e-017 0
70.4519399471 -65.554809348 0
65.554809348 70.4519399471 0
-70.4519399471 65.554809348 0
-65.554809348 -70.4519399471 0
-2.97334935004e-017 -1.13102191864e-017 0
68.532983208 -66.3726304643 0
66.3726304643 68.532983208 0
-68.532983208 66.3726304643 0
-66.3726304643 -68.532983208 0
-2.97364250285e-017 -1.13546884162e-017 0
66.5784196103 -67.1566440211 0
67.1566440211 66.5784196103 0
-66.5784196103 67.1566440211 0
-67.1566440211 -66.5784196103 0
-2.9732580293e-017 -1.13991576459e-017 0
64.5883221206 -67.9055303162 0
67.9055303162 64.5883221206 0
-64.5883221206 67.9055303162 0
-67.9055303162 -64.5883221206 0
-2.97287355575e-017 -1.14436268756e-017 0
62.5627921899 -68.6179216573 0
68.6179216573 62.5627921899 0
-62.5627921899 68.6179216573 0
-68.6179216573 -62.5627921899 0
-2.97282789538e-017 -1.14880961054e-017 0
60.5019627581 -69.2924004884 0
69.2924004884 60.5019627581 0
-60.5019627581 69.2924004884 0
-69.2924004884 -60.5019627581 0
-2.97278223501e-017 -1.15325653351e-017 0
58.4060015425 -69.9274974994 0
69.9274974994 58.4060015425 0
-58.4060015425 69.9274974994 0
-69.9274974994 -58.4060015425 0
-2.97239776147e-017 -1.15770345648e-017 0
56.2751146355 -70.5216897314 0
70.5216897314 56.2751146355 0
-56.2751146355 70.5216897314 0
-70.5216897314 -56.2751146355 0
-2.97133566156e-017 -1.16215037946e-017 0
54.109550438 -71.073398694 0
71.073398694 54.109550438 0
-54.109550438 71.073398694 0
-71.073398694 -54.109550438 0
-2.96959593529e-017 -1.16659730243e-017 0
51.909603959 -71.5809885126 0
71.5809885126 51.909603959 0
-51.909603959 71.5809885126 0
-71.5809885126 -51.909603959 0
-2.96819502221e-017 -1.1710442254e-017 0
49.6756215119 -72.0427641288 0
72.0427641288 49.6756215119 0
-49.6756215119 72.0427641288 0
-72.0427641288 -49.6756215119 0
-2.96747173548e-017 -1.17549114838e-017 0
47.4080058409 -72.4569695804 0
72.4569695804 47.4080058409 0
-47.4080058409 72.4569695804 0
-72.4569695804 -47.4080058409 0
-2.96674844875e-017 -1.17993807135e-017 0
45.1072217122 -72.8217863952 0
72.8217863952 45.1072217122 0
-45.1072217122 72.8217863952 0
-72.8217863952 -45.1072217122 0
-2.96602516203e-017 -1.18438499432e-017 0
42.7738020062 -73.1353321359 0
73.1353321359 42.7738020062 0
-42.7738020062 73.1353321359 0
-73.1353321359 -42.7738020062 0
-2.9653018753e-017 -1.1888319173e-017 0
40.4083543486 -73.395659142 0
73.395659142 40.4083543486 0
-40.4083543486 73.395659142 0
-73.395659142 -40.4083543486 0
-2.96457858857e-017 -1.19327884027e-017 0
38.0115683187 -73.6007535247 0
73.6007535247 38.0115683187 0
-38.0115683187 73.6007535247 0
-73.6007535247 -38.0115683187 0
-2.96385530184e-017 -1.19772576324e-017 0
35.5842232725 -73.7485344752 0
73.7485344752 35.5842232725 0
-35.5842232725 73.7485344752 0
-73.7485344752 -35.5842232725 0
-2.96380964147e-017 -1.20217268621e-017 0
33.127196819 -73.8368539629 0
73.8368539629 33.127196819 0
-33.127196819 73.8368539629 0
-73.8368539629 -33.127196819 0
-2.96444160746e-017 -1.20661960919e-017 0
30.6414739847 -73.8634969081 0
73.8634969081 30.6414739847 0
-30.6414739847 73.8634969081 0
-73.8634969081 -30.6414739847 0
-2.96507357345e-017 -1.21106653216e-017 0
28.1281570994 -73.8261819285 0
73.8261819285 28.1281570994 0
-28.1281570994 73.8261819285 0
-73.8261819285 -28.1281570994 0
-2.9663831658e-017 -1.21551345513e-017 0
25.5884764285 -73.7225627751 0
73.7225627751 25.5884764285 0
-25.5884764285 73.7225627751 0
-73.7225627751 -25.5884764285 0
-2.96769275814e-017 -1.21996037811e-017 0
23.0238015736 -73.5502305858 0
73.5502305858 23.0238015736 0
-23.0238015736 73.5502305858 0
-73.5502305858 -23.0238015736 0
-2.96764709777e-017 -1.22440730108e-017 0
20.4356536477 -73.3067171077 0
73.3067171077 20.4356536477 0
-20.4356536477 73.3067171077 0
-73.3067171077 -20.4356536477 0
-2.96692381104e-017 -1.22851541087e-017 0
17.8257182222 -72.9894990548 0
72.9894990548 17.8257182222 0
-17.8257182222 72.9894990548 0
-72.9894990548 -17.8257182222 0
-2.96620052432e-017 -1.23228470749e-017 0
15.1958590197 -72.596003789 0
72.596003789 15.1958590197 0
-15.1958590197 72.596003789 0
-72.596003789 -15.1958590197 0
-2.96547723759e-017 -1.23588459752e-017 0
12.5481323075 -72.1236165339 0
72.1236165339 12.5481323075 0
-12.5481323075 72.1236165339 0
-72.1236165339 -12.5481323075 0
-2.96543157722e-017 -1.23914567436e-017 0
9.88480191447 -71.5696893506 0
71.5696893506 9.88480191447 0
-9.88480191447 71.5696893506 0
-71.5696893506 -9.88480191447 0
-2.96674116956e-017 -1.24206793803e-017 0
7.20835475796 -70.9315521257 0
70.9315521257 7.20835475796 0
-7.20835475796 70.9315521257 0
-70.9315521257 -7.20835475796 0
-2.96872838827e-017 -1.2449054984e-017 0
4.52151672374 -70.2065258378 0
70.2065258378 4.52151672374 0
-4.52151672374 70.2065258378 0
-70.2065258378 -4.52151672374 0
-2.97139323333e-017 -1.24765835548e-017 0
1.82726868807 -69.3919383826 0
69.3919383826 1.82726868807 0
-1.82726868807 69.3919383826 0
-69.3919383826 -1.82726868807 0
-2.97473570475e-017 -1.25019945432e-017 0
-0.871137591345 -68.4851432458 0
68.4851432458 -0.871137591345 0
0.871137591345 68.4851432458 0
-68.4851432458 0.871137591345 0
-2.97807817617e-017 -1.25218998175e-017 0
-3.57016406168 -67.483541308 0
67.483541308 -3.57016406168 0
3.57016406168 67.483541308 0
-67.483541308 3.57016406168 0
-2.98142064759e-017 -1.25337582788e-017 0
-6.26597186696 -66.3846060548 0
66.3846060548 -6.26597186696 0
6.26597186696 66.3846060548 0
-66.3846060548 6.26597186696 0
-2.98476311901e-017 -1.25434991577e-017 0
-8.95440826556 -65.1859124358 0
65.1859124358 -8.95440826556 0
8.95440826556 65.1859124358 0
-65.1859124358 8.95440826556 0
-2.98810559043e-017 -1.25490048718e-017 0
-11.6309955917 -63.8851695622 0
63.8851695622 -11.6309955917 0
11.6309955917 63.8851695622 0
-63.8851695622 11.6309955917 0
-2.99144806184e-017 -1.25494283883e-017 0
-14.2909229819 -62.4802573633 0
62.4802573633 -14.2909229819 0
14.2909229819 62.4802573633 0
-62.4802573633 14.2909229819 0
-2.99479053326e-017 -1.25532400365e-017 0
-16.9290416886 -60.9692672116 0
60.9692672116 -16.9290416886 0
16.9290416886 60.9692672116 0
-60.9692672116 16.9290416886 0
-2.99813300468e-017 -1.25638279484e-017 0
-19.5398648978 -59.3505463907 0
59.3505463907 -19.5398648978 0
19.5398648978 59.3505463907 0
-59.3505463907 19.5398648978 0
-3.0014754761e-017 -1.2577803992e-017 0
-22.1175730447 -57.6227461034 0
57.6227461034 -22.1175730447 0
22.1175730447 57.6227461034 0
-57.6227461034 22.1175730447 0
-3.00481794752e-017 -1.25917800356e-017 0
-24.656025669 -55.7848724987 0
55.7848724987 -24.656025669 0
24.656025669 55.7848724987 0
-55.7848724987 24.656025669 0
-3.00816041894e-017 -1.25989798157e-017 0
-27.1487808616 -53.83633995 0
53.83633995 -27.1487808616 0
27.1487808616 53.83633995 0
-53.83633995 27.1487808616 0
-3.01150289036e-017 -1.26061795957e-017 0
-29.5891233044 -51.7770255257 0
51.7770255257 -29.5891233044 0
29.5891233044 51.7770255257 0
-51.7770255257 29.5891233044 0
-3.01484536178e-017 -1.26133793758e-017 0
-31.9701017831 -49.6073232946 0
49.6073232946 -31.9701017831 0
31.9701017831 49.6073232946 0
-49.6073232946 31.9701017831 0
-3.0181878332e-017 -1.26070266287e-017 0
-34.2845768513 -47.3281967941 0
47.3281967941 -34.2845768513 0
34.2845768513 47.3281967941 0
-47.3281967941 34.2845768513 0
-3.02153030462e-017 -1.2593897618e-017 0
-36.5252790162 -44.9412277038 0
44.9412277038 -36.5252790162 0
36.5252790162 44.9412277038 0
-44.9412277038 36.5252790162 0
-3.02487277604e-017 -1.25739923438e-017 0
-38.6848774183 -42.448658523 0
42.448658523 -38.6848774183 0
38.6848774183 42.448658523 0
-42.448658523 38.6848774183 0
-3.02821524746e-017 -1.25473108059e-017 0
-40.7560584772 -39.8534268931 0
39.8534268931 -40.7560584772 0
40.7560584772 39.8534268931 0
-39.8534268931 40.7560584772 0
-3.03155771887e-017 -1.25206292681e-017 0
-42.7316134011 -37.1591891666 0
37.1591891666 -42.7316134011 0
42.7316134011 37.1591891666 0
-37.1591891666 42.7316134011 0
-3.03490019029e-017 -1.24803952031e-017 0
-44.6045328314 -34.3703309352 0
34.3703309352 -44.6045328314 0
44.6045328314 34.3703309352 0
-34.3703309352 44.6045328314 0
-3.03824266171e-017 -1.24266086109e-017 0
-46.3681062684 -31.491962517 0
31.491962517 -46.3681062684 0
46.3681062684 31.491962517 0
-31.491962517 46.3681062684 0
-3.04158513313e-017 -1.23863745459e-017 0
-48.0160233481 -28.5298978795 0
28.5298978795 -48.0160233481 0
48.0160233481 28.5298978795 0
-28.5298978795 48.0160233481 0
-3.04492760455e-017 -1.23596930081e-017 0
-49.5424735761 -25.4906161274 0
25.4906161274 -49.5424735761 0
49.5424735761 25.4906161274 0
-25.4906161274 49.5424735761 0
-3.04827007597e-017 -1.23194589431e-017 0
-50.9422408394 -22.381205492 0
22.381205492 -50.9422408394 0
50.9422408394 22.381205492 0
-22.381205492 50.9422408394 0
-3.05161254739e-017 -1.22792248781e-017 0
-52.2107889567 -19.2092906553 0
19.2092906553 -52.2107889567 0
52.2107889567 19.2092906553 0
-19.2092906553 52.2107889567 0
-3.05495501881e-017 -1.22660958674e-017 0
-53.3443347222 -15.9829451705 0
15.9829451705 -53.3443347222 0
53.3443347222 15.9829451705 0
-15.9829451705 53.3443347222 0
-3.05829749023e-017 -1.22665193839e-017 0
-54.3399053627 -12.7105916051 0
12.7105916051 -54.3399053627 0
54.3399053627 12.7105916051 0
-12.7105916051 54.3399053627 0
-3.06130114847e-017 -1.22669429004e-017 0
-55.1953780298 -9.40089275495 0
9.40089275495 -55.1953780298 0
55.1953780298 9.40089275495 0
-9.40089275495 55.1953780298 0
-3.06362718035e-017 -1.22673664168e-017 0
-55.909499835 -6.06263778972 0
6.06263778972 -55.909499835 0
55.909499835 6.06263778972 0
-6.06263778972 55.909499835 0
-3.06629202541e-017 -1.22677899333e-017 0
-56.4818879368 -2.70462743009 0
2.70462743009 -56.4818879368 0
56.4818879368 2.70462743009 0
-2.70462743009 56.4818879368 0
-3.06929568365e-017 -1.22682134498e-017 0
-56.9130102034 0.664437785266 0
-0.664437785266 -56.9130102034 0
56.9130102034 -0.664437785266 0
0.664437785266 56.9130102034 0
-3.07240522101e-017 -1.22686369663e-017 0
-57.2041479221 4.03606240142 0
-4.03606240142 -57.2041479221 0
57.2041479221 -4.03606240142 0
4.03606240142 57.2041479221 0
-3.0753665276e-017 -1.22690604827e-017 0
-57.357342822 7.4020509263 0
-7.4020509263 -57.357342822 0
57.357342822 -7.4020509263 0
7.4020509263 57.357342822 0
-3.07722669137e-017 -1.22694839992e-017 0
-57.3753312645 10.754590214 0
-10.754590214 -57.3753312645 0
57.3753312645 -10.754590214 0
10.754590214 57.3753312645 0
-3.07925626172e-017 -1.22563549885e-017 0
-57.2614688085 14.0863176894 0
-14.0863176894 -57.2614688085 0
57.2614688085 -14.0863176894 0
14.0863176894 57.2614688085 0
-3.0823022716e-017 -1.22296734507e-017 0
-57.0196484674 17.390374577 0
-17.390374577 -57.0196484674 0
57.0196484674 -17.390374577 0
17.390374577 57.0196484674 0
-3.08602590785e-017 -1.22029919129e-017 0
-56.6542158718 20.6604440707 0
-20.6604440707 -56.6542158718 0
56.6542158718 -20.6604440707 0
20.6604440707 56.6542158718 0
-3.0897495441e-017 -1.2176310375e-017 0
-56.1698842686 23.890775049 0
-23.890775049 -56.1698842686 0
56.1698842686 -23.890775049 0
23.890775049 56.1698842686 0
-3.09381199352e-017 -1.21496288372e-017 0
-55.5716518812 27.076192471 0
-27.076192471 -55.5716518812 0
55.5716518812 -27.076192471 0
27.076192471 55.5716518812 0
-3.0985520693e-017 -1.21229472993e-017 0
-54.8647236728 30.2120959643 0
-30.2120959643 -54.8647236728 0
54.8647236728 -30.2120959643 0
30.2120959643 54.8647236728 0
-3.10329214508e-017 -1.20962657615e-017 0
-54.0544390493 33.2944483455 0
-33.2944483455 -54.0544390493 0
54.0544390493 -33.2944483455 0
33.2944483455 54.0544390493 0
-3.10735459451e-017 -1.20695842237e-017 0
-53.1462065449 36.3197559058 0
-36.3197559058 -53.1462065449 0
53.1462065449 -36.3197559058 0
36.3197559058 53.1462065449 0
-3.11073941758e-017 -1.20429026858e-017 0
-52.1454460873 39.285042274 0
-39.285042274 -52.1454460873 0
52.1454460873 -39.285042274 0
39.285042274 52.1454460873 0
-3.11412424064e-017 -1.2016221148e-017 0
-51.0575390546 42.1878175664 0
-42.1878175664 -51.0575390546 0
51.0575390546 -42.1878175664 0
42.1878175664 51.0575390546 0
-3.11683143735e-017 -1.19895396101e-017 0
-49.8877860221 45.0260443667 0
-45.0260443667 -49.8877860221 0
49.8877860221 -45.0260443667 0
45.0260443667 49.8877860221 0
-3.11818338134e-017 -1.19628580723e-017 0
-48.6413718613 47.7981018839 0
-47.7981018839 -48.6413718613 0
48.6413718613 -47.7981018839 0
47.7981018839 48.6413718613 0
-3.11885769898e-017 -1.19361765345e-017 0
-47.3233376804 50.5027494186 0
-50.5027494186 -47.3233376804 0
47.3233376804 -50.5027494186 0
50.5027494186 47.3233376804 0
-3.11953201661e-017 -1.19094949966e-017 0
-45.938558989 53.1390900616 0
-53.1390900616 -45.938558989 0
45.938558989 -53.1390900616 0
53.1390900616 45.938558989 0
-3.11952870789e-017 -1.18828134588e-017 0
-44.4917294097 55.7065353415 0
-55.7065353415 -44.4917294097 0
44.4917294097 -55.7065353415 0
55.7065353415 44.4917294097 0
-3.11817014645e-017 -1.1856131921e-017 0
-42.9873492446 58.2047713639 0
-58.2047713639 -42.9873492446 0
42.9873492446 -58.2047713639 0
58.2047713639 42.9873492446 0
-3.1154563323e-017 -1.18294503831e-017 0
-41.429718215 60.6337268226 0
-60.6337268226 -41.429718215 0
41.429718215 -60.6337268226 0
60.6337268226 41.429718215 0
-3.11206489179e-017 -1.18027688453e-017 0
-39.8229317284 62.9935431319 0
-62.9935431319 -39.8229317284 0
39.8229317284 -62.9935431319 0
62.9935431319 39.8229317284 0
-3.10867345128e-017 -1.17760873074e-017 0
-38.1708800778 65.2845468185 0
-65.2845468185 -38.1708800778 0
38.1708800778 -65.2845468185 0
65.2845468185 38.1708800778 0
-3.10528201077e-017 -1.17494057696e-017 0
-36.4772500322 67.5072242261 0
-67.5072242261 -36.4772500322 0
36.4772500322 -67.5072242261 0
67.5072242261 36.4772500322 0
-3.10189057025e-017 -1.17227242318e-017 0
-34.7455283412 69.6621985176 0
-69.6621985176 -34.7455283412 0
34.7455283412 -69.6621985176 0
69.6621985176 34.7455283412 0
-3.0991767561e-017 -1.16960426939e-017 0
-32.9790067346 71.7502089088 0
-71.7502089088 -32.9790067346 0
32.9790067346 -71.7502089088 0
71.7502089088 32.9790067346 0
-3.09714056831e-017 -1.16693611561e-017 0
-31.1807880586 73.7720920348 0
-73.7720920348 -31.1807880586 0
31.1807880586 -73.7720920348 0
73.7720920348 31.1807880586 0
-3.09578200687e-017 -1.16426796182e-017 0
-29.3537932414 75.7287653229 0
-75.7287653229 -29.3537932414 0
29.3537932414 -75.7287653229 0
75.7287653229 29.3537932414 0
-3.09510107179e-017 -1.16159980804e-017 0
-27.5007688352 77.6212122343 0
-77.6212122343 -27.5007688352 0
27.5007688352 -77.6212122343 0
77.6212122343 27.5007688352 0
-3.09442013671e-017 -1.15893165426e-017 0
-25.6242949207 79.450469228 0
-79.450469228 -25.6242949207 0
25.6242949207 -79.450469228 0
79.450469228 25.6242949207 0
-3.09373920163e-017 -1.15626350047e-017 0
-23.7267932019 81.2176143002 0
-81.2176143002 -23.7267932019 0
23.7267932019 -81.2176143002 0
81.2176143002 23.7267932019 0
-3.09238064019e-017 -1.15359534669e-017 0
-21.8105351532 82.9237569531 0
-82.9237569531 -21.8105351532 0
21.8105351532 -82.9237569531 0
82.9237569531 21.8105351532 0
-3.09102207875e-017 -1.15092719291e-017 0
-19.8776501076 84.5700294556 0
-84.5700294556 -19.8776501076 0
19.8776501076 -84.5700294556 0
84.5700294556 19.8776501076 0
-3.09034114367e-017 -1.14808963253e-017 0
-17.9301332005 86.1575792618 0
-86.1575792618 -17.9301332005 0
17.9301332005 -86.1575792618 0
86.1575792618 17.9301332005 0
-3.08966020859e-017 -1.14508266557e-017 0
-15.9698531045 87.6875624664 0
-87.6875624664 -15.9698531045 0
15.9698531045 -87.6875624664 0
87.6875624664 15.9698531045 0
-3.08897927351e-017 -1.1421604019e-017 0
-13.9985595063 89.1611381804 0
-89.1611381804 -13.9985595063 0
13.9985595063 -89.1611381804 0
89.1611381804 13.9985595063 0
-3.08829833843e-017 -1.13940754482e-017 0
-12.0178902923 90.5794637253 0
-90.5794637253 -12.0178902923 0
12.0178902923 -90.5794637253 0
90.5794637253 12.0178902923 0
-3.08693977699e-017 -1.13640057786e-017 0
-10.0293784192 91.9436905482 0
-91.9436905482 -10.0293784192 0
10.0293784192 -91.9436905482 0
91.9436905482 10.0293784192 0
-3.0849035892e-017 -1.1333089076e-017 0
-8.03445845746 93.2549607737 0
-93.2549607737 -8.03445845746 0
8.03445845746 -93.2549607737 0
93.2549607737 8.03445845746 0
-3.0828674014e-017 -1.13059840217e-017 0
-6.03447280016 94.5144043136 0
-94.5144043136 -6.03447280016 0
6.03447280016 -94.5144043136 0
94.5144043136 6.03447280016 0
-3.0808312136e-017 -1.12826906157e-017 0
-4.03067753751 95.723136466 0
-95.723136466 -4.03067753751 0
4.03067753751 -95.723136466 0
95.723136466 4.03067753751 0
-3.07879502581e-017 -1.12625735832e-017 0
-2.02424800073 96.8822559415 0
-96.8822559415 -2.02424800073 0
2.02424800073 -96.8822559415 0
96.8822559415 2.02424800073 0
-3.07675883801e-017 -1.1242774188e-017 0
-0.0162839828263 97.9928432615 0
-97.9928432615 -0.0162839828263 0
0.0162839828263 -97.9928432615 0
97.9928432615 0.0162839828263 0
-3.07472265022e-017 -1.12194650655e-017 0
1.99218535393 99.0559594796 0
-99.0559594796 1.99218535393 0
-1.99218535393 -99.0559594796 0
99.0559594796 -1.99218535393 0
-3.07268646242e-017 -1.11939167651e-017 0
4.00019687207 100.072645183 0
-100.072645183 4.00019687207 0
-4.00019687207 -100.072645183 0
100.072645183 -4.00019687207 0
-3.07065027462e-017 -1.11663567615e-017 0
6.00684914167 101.043919734 0
-101.043919734 6.00684914167 0
-6.00684914167 -101.043919734 0
101.043919734 -6.00684914167 0
-3.06861408683e-017 -1.11335028019e-017 0
8.01129839819 101.970780726 0
-101.970780726 8.01129839819 0
-8.01129839819 -101.970780726 0
101.970780726 -8.01129839819 0
-3.06691671221e-017 -1.11000135676e-017 0
10.0127547612 102.854203609 0
-102.854203609 10.0127547612 0
-10.0127547612 -102.854203609 0
102.854203609 -10.0127547612 0
-3.06555815077e-017 -1.10682183993e-017 0
12.0104787 103.695141475 0
-103.695141475 12.0104787 0
-12.0104787 -103.695141475 0
103.695141475 -12.0104787 0
-3.06419958934e-017 -1.10355761979e-017 0
14.0037777319 104.49452497 0
-104.49452497 14.0037777319 0
-14.0037777319 -104.49452497 0
104.49452497 -14.0037777319 0
-3.0628410279e-017 -1.10008164142e-017 0
15.9920033397 105.253262321 0
-105.253262321 15.9920033397 0
-15.9920033397 -105.253262321 0
105.253262321 -15.9920033397 0
-3.06148246646e-017 -1.09639390482e-017 0
17.9745480947 105.972239451 0
-105.972239451 17.9745480947 0
-17.9745480947 -105.972239451 0
105.972239451 -17.9745480947 0
-3.06012390502e-017 -1.0927908715e-017 0
19.9508429721 106.652320175 0
-106.652320175 19.9508429721 0
-19.9508429721 -106.652320175 0
106.652320175 -19.9508429721 0
-3.05876534358e-017 -1.08927254149e-017 0
21.9203548474 107.294346459 0
-107.294346459 21.9203548474 0
-21.9203548474 -107.294346459 0
107.294346459 -21.9203548474 0
-3.05740678215e-017 -1.08566950817e-017 0
23.8825841609 107.899138739 0
-107.899138739 23.8825841609 0
-23.8825841609 -107.899138739 0
107.899138739 -23.8825841609 0
-3.05638703389e-017 -1.08223588145e-017 0
25.8370627399 108.467496272 0
-108.467496272 25.8370627399 0
-25.8370627399 -108.467496272 0
108.467496272 -25.8370627399 0
-3.05570609881e-017 -1.07897166132e-017 0
27.7833517676 109.000197539 0
-109.000197539 27.7833517676 0
-27.7833517676 -109.000197539 0
109.000197539 -27.7833517676 0
-3.05502516373e-017 -1.07579214448e-017 0
29.7210398893 109.498000657 0
-109.498000657 29.7210398893 0
-29.7210398893 -109.498000657 0
109.498000657 -29.7210398893 0
-3.05468304182e-017 -1.07286673753e-017 0
31.6497414458 109.96164383 0
-109.96164383 31.6497414458 0
-31.6497414458 -109.96164383 0
109.96164383 -31.6497414458 0
-3.0546797331e-017 -1.07011073716e-017 0
33.5690948256 110.391845803 0
-110.391845803 33.5690948256 0
-33.5690948256 -110.391845803 0
110.391845803 -33.5690948256 0
-3.05467642438e-017 -1.06718533021e-017 0
35.4787609285 110.78930634 0
-110.78930634 35.4787609285 0
-35.4787609285 -110.78930634 0
110.78930634 -35.4787609285 0
