6
-60.0 200.0 0
-10.0 200.0 0
40.0 200.0 0
90.0 200.0 0
140.0 200.0 0
190.0 200.0 0
-59.9982427885 200.0 0
-10.4982427885 199.75 0
39.0017572115 199.5 0
88.5017572115 199.25 0
138.001757212 199.0 0
-59.9982427885 200.0 0
-59.9929079832 199.999990806 0
-10.9929079832 199.499990806 0
38.0070920168 198.999990806 0
87.0070920168 198.499990806 0
136.007092017 197.999990806 0
-59.9929079832 199.999990806 0
-59.983895292 199.999953464 0
-11.483895292 199.249953464 0
37.016104708 198.499953464 0
85.516104708 197.749953464 0
134.016104708 196.999953464 0
-59.983895292 199.999953464 0
-59.9711294812 199.999867855 0
-11.9711294812 198.999867855 0
36.0288705188 197.999867855 0
84.0288705188 196.999867855 0
132.028870519 195.999867855 0
-59.9711294812 199.999867855 0
-59.954533306 199.999712624 0
-12.454533306 198.749712624 0
35.045466694 197.499712624 0
82.545466694 196.249712624 0
130.045466694 194.999712624 0
-59.954533306 199.999712624 0
-59.9340274537 199.999465115 0
-12.9340274537 198.499465115 0
34.0659725463 196.999465115 0
81.0659725463 195.499465115 0
128.065972546 193.999465115 0
128.065972546 193.999465115 0
-59.9095304862 199.999101287 0
-13.4095304862 198.249101287 0
33.0904695138 196.499101287 0
79.5904695138 194.749101287 0
126.090469514 192.999101287 0
-59.9095304862 199.999101287 0
-59.8809587807 199.99859564 0
-13.8809587807 197.99859564 0
32.1190412193 195.99859564 0
78.1190412193 193.99859564 0
124.119041219 191.99859564 0
-59.8809587807 199.99859564 0
-59.8482264709 199.997921128 0
-14.3482264709 197.747921128 0
31.1517735291 195.497921128 0
76.6517735291 193.247921128 0
122.151773529 190.997921128 0
-59.8482264709 199.997921128 0
-59.8112453862 199.997049065 0
-14.8112453862 197.497049065 0
30.1887546138 194.997049065 0
75.1887546138 192.497049065 0
120.188754614 189.997049065 0
-59.8112453862 199.997049065 0
-59.7699249914 199.995949036 0
-15.2699249914 197.245949036 0
29.2300750086 194.495949036 0
73.7300750086 191.745949036 0
118.230075009 188.995949036 0
-59.7699249914 199.995949036 0
-59.7241723256 199.994588788 0
-15.7241723256 196.994588788 0
28.2758276744 193.994588788 0
72.2758276744 190.994588788 0
116.275827674 187.994588788 0
-59.7241723256 199.994588788 0
-59.6738919408 199.992934131 0
-16.1738919408 196.742934131 0
27.3261080592 193.492934131 0
70.8261080592 190.242934131 0
114.326108059 186.992934131 0
114.326108059 186.992934131 0
-59.6189858407 199.990948817 0
-16.6189858407 196.490948817 0
26.3810141593 192.990948817 0
69.3810141593 189.490948817 0
112.381014159 185.990948817 0
-59.6189858407 199.990948817 0
-59.5593534197 199.988594424 0
-17.0593534197 196.238594424 0
25.4406465803 192.488594424 0
67.9406465803 188.738594424 0
110.44064658 184.988594424 0
-59.5593534197 199.988594424 0
-59.4948914028 199.985830229 0
-17.4948914028 195.985830229 0
24.5051085972 191.985830229 0
66.5051085972 187.985830229 0
108.505108597 183.985830229 0
-59.4948914028 199.985830229 0
-59.4254937857 199.98261307 0
-17.9254937857 195.73261307 0
23.5745062143 191.48261307 0
65.0745062143 187.23261307 0
106.574506214 182.98261307 0
-59.4254937857 199.98261307 0
-59.351051777 199.978897208 0
-18.351051777 195.478897208 0
22.648948223 190.978897208 0
63.648948223 186.478897208 0
104.648948223 181.978897208 0
-59.351051777 199.978897208 0
-59.2714537414 199.974634171 0
-18.7714537414 195.224634171 0
21.7285462586 190.474634171 0
62.2285462586 185.724634171 0
102.728546259 180.974634171 0
-59.2714537414 199.974634171 0
-59.1865851453 199.969772602 0
-19.1865851453 194.969772602 0
20.8134148547 189.969772602 0
60.8134148547 184.969772602 0
100.813414855 179.969772602 0
-59.1865851453 199.969772602 0
-59.0963285055 199.964258086 0
-19.5963285055 194.714258086 0
19.9036714945 189.464258086 0
59.4036714945 184.214258086 0
98.9036714945 178.964258086 0
-59.0963285055 199.964258086 0
-59.0005633402 199.958032972 0
-20.0005633402 194.458032972 0
18.9994366598 188.958032972 0
57.9994366598 183.458032972 0
96.9994366598 177.958032972 0
-59.0005633402 199.958032972 0
-58.8991661252 199.951036191 0
-20.3991661252 194.201036191 0
18.1008338748 188.451036191 0
56.6008338748 182.701036191 0
95.1008338748 176.951036191 0
-58.8991661252 199.951036191 0
-58.7920102535 199.943203055 0
-20.7920102535 193.943203055 0
17.2079897465 187.943203055 0
55.2079897465 181.943203055 0
93.2079897465 175.943203055 0
-58.7920102535 199.943203055 0
-58.6789660018 199.93446505 0
-21.1789660018 193.68446505 0
16.3210339982 187.43446505 0
53.8210339982 181.18446505 0
91.3210339982 174.93446505 0
91.3210339982 174.93446505 0
-58.559900502 199.924749617 0
-21.559900502 193.424749617 0
15.440099498 186.924749617 0
52.440099498 180.424749617 0
89.440099498 173.924749617 0
-58.559900502 199.924749617 0
-58.4346777215 199.913979925 0
-21.9346777215 193.163979925 0
14.5653222785 186.413979925 0
51.0653222785 179.663979925 0
87.5653222785 172.913979925 0
-58.4346777215 199.913979925 0
-58.3031584511 199.902074628 0
-22.3031584511 192.902074628 0
13.6968415489 185.902074628 0
49.6968415489 178.902074628 0
85.6968415489 171.902074628 0
-58.3031584511 199.902074628 0
-58.1652003034 199.888947611 0
-22.6652003034 192.638947611 0
12.8347996966 185.388947611 0
48.3347996966 178.138947611 0
83.8347996966 170.888947611 0
-58.1652003034 199.888947611 0
-58.0206577221 199.874507727 0
-23.0206577221 192.374507727 0
11.9793422779 184.874507727 0
46.9793422779 177.374507727 0
81.9793422779 169.874507727 0
-58.0206577221 199.874507727 0
-57.8693820042 199.858658518 0
-23.3693820042 192.108658518 0
11.1306179958 184.358658518 0
-57.8693820042 199.858658518 0
80.1306179958 168.858658518 0
-57.8693820042 199.858658518 0
-57.7112213363 199.84129793 0
-23.7112213363 191.84129793 0
10.2887786637 183.84129793 0
44.2887786637 175.84129793 0
78.2887786637 167.84129793 0
-57.7112213363 199.84129793 0
-57.5460208474 199.822318007 0
-24.0460208474 191.572318007 0
9.45397915264 183.322318007 0
42.9539791526 175.072318007 0
76.4539791526 166.822318007 0
-57.5460208474 199.822318007 0
-57.3736226795 199.801604579 0
-24.3736226795 191.301604579 0
8.62637732055 182.801604579 0
41.6263773205 174.301604579 0
74.6263773205 165.801604579 0
-57.3736226795 199.801604579 0
-57.1938660787 199.77903694 0
-24.6938660787 191.02903694 0
7.80613392125 182.27903694 0
40.3061339213 173.52903694 0
72.8061339213 164.77903694 0
-57.1938660787 199.77903694 0
-57.0065875089 199.75448751 0
-25.0065875089 190.75448751 0
6.99341249107 181.75448751 0
38.9934124911 172.75448751 0
70.9934124911 163.75448751 0
-57.0065875089 199.75448751 0
-56.8116207896 199.727821487 0
-25.3116207896 190.477821487 0
6.18837921038 181.227821487 0
37.6883792104 171.977821487 0
37.6883792104 171.977821487 0
-56.8116207896 199.727821487 0
-56.6086673741 199.698858353 0
-25.6086673741 190.198858353 0
5.39133262593 180.698858353 0
36.3913326259 171.198858353 0
36.3913326259 171.198858353 0
-56.6086673741 199.698858353 0
-56.3974236201 199.667407125 0
-25.8974236201 189.917407125 0
4.60257637992 180.167407125 0
35.1025763799 170.417407125 0
35.1025763799 170.417407125 0
-56.3974236201 199.667407125 0
-56.177710876 199.633303985 0
-26.177710876 189.633303985 0
3.822289124 179.633303985 0
33.822289124 169.633303985 0
33.822289124 169.633303985 0
63.822289124 159.633303985 0
-55.949348645 199.596376144 0
-26.449348645 189.346376144 0
3.05065135503 179.096376144 0
32.550651355 168.846376144 0
32.550651355 168.846376144 0
-55.949348645 199.596376144 0
-55.7121549001 199.556441451 0
-26.7121549001 189.056441451 0
2.28784509989 178.556441451 0
31.2878450999 168.056441451 0
31.2878450999 168.056441451 0
60.2878450999 157.556441451 0
-55.4659464439 199.513307998 0
-26.9659464439 188.763307998 0
1.53405355615 178.013307998 0
30.0340535561 167.263307998 0
30.0340535561 167.263307998 0
58.5340535561 156.513307998 0
-55.2105393149 199.466773734 0
-27.2105393149 188.466773734 0
0.78946068507 177.466773734 0
28.7894606851 166.466773734 0
28.7894606851 166.466773734 0
-55.2105393149 199.466773734 0
-54.9457492465 199.416626082 0
-27.4457492465 188.166626082 0
0.0542507535102 176.916626082 0
27.5542507535 165.666626082 0
27.5542507535 165.666626082 0
-54.9457492465 199.416626082 0
-54.6713921788 199.362641566 0
-27.6713921788 187.862641566 0
-0.671392178791 176.362641566 0
26.3286078212 164.862641566 0
26.3286078212 164.862641566 0
-54.6713921788 199.362641566 0
-54.3872848299 199.304585455 0
-27.8872848299 187.554585455 0
-1.38728482985 175.804585455 0
25.1127151701 164.054585455 0
25.1127151701 164.054585455 0
-54.3872848299 199.304585455 0
-54.0932453273 199.242211434 0
-28.0932453273 187.242211434 0
-2.09324532726 175.242211434 0
23.9067546727 163.242211434 0
23.9067546727 163.242211434 0
49.9067546727 151.242211434 0
-53.789093904 199.175261289 0
-28.289093904 186.925261289 0
-2.78909390404 174.675261289 0
22.710906096 162.425261289 0
22.710906096 162.425261289 0
-53.789093904 199.175261289 0
-53.4746536612 199.103464641 0
-28.4746536612 186.603464641 0
-3.47465366121 174.103464641 0
21.5253463388 161.603464641 0
21.5253463388 161.603464641 0
-53.4746536612 199.103464641 0
-53.1497513989 199.026538713 0
-28.6497513989 186.276538713 0
-4.14975139894 173.526538713 0
20.3502486011 160.776538713 0
20.3502486011 160.776538713 0
-53.1497513989 199.026538713 0
-52.8142185179 198.944188153 0
-28.8142185179 185.944188153 0
-4.81421851786 172.944188153 0
19.1857814821 159.944188153 0
19.1857814821 159.944188153 0
-52.8142185179 198.944188153 0
-52.467891991 198.856104913 0
-28.967891991 185.606104913 0
-5.46789199103 172.356104913 0
18.032108009 159.106104913 0
18.032108009 159.106104913 0
-52.467891991 198.856104913 0
-52.1106154063 198.7619682 0
-29.1106154063 185.2619682 0
-6.1106154063 171.7619682 0
16.8893845937 158.2619682 0
16.8893845937 158.2619682 0
-52.1106154063 198.7619682 0
-51.7422400775 198.661444511 0
-29.2422400775 184.911444511 0
-6.74224007745 171.161444511 0
15.7577599225 157.411444511 0
15.7577599225 157.411444511 0
-51.7422400775 198.661444511 0
-51.3624471664 198.554078326 0
-29.3624471664 184.554078326 0
-51.3624471664 198.554078326 0
-51.3624471664 198.554078326 0
14.6375528336 156.554078326 0
14.6375528336 156.554078326 0
-50.9709260093 198.439395986 0
-29.4709260093 184.189395986 0
-7.9709260093 169.939395986 0
13.5290739907 155.689395986 0
-50.9709260093 198.439395986 0
13.5290739907 155.689395986 0
-50.5675546571 198.317015266 0
-29.5675546571 183.817015266 0
-8.56755465715 169.317015266 0
12.4324453429 154.817015266 0
12.4324453429 154.817015266 0
-50.5675546571 198.317015266 0
-50.1522243441 198.186542008 0
-29.6522243441 183.436542008 0
-9.15222434408 168.686542008 0
11.3477756559 153.936542008 0
11.3477756559 153.936542008 0
-50.1522243441 198.186542008 0
-49.7248409105 198.047570742 0
-29.7248409105 183.047570742 0
-9.72484091047 168.047570742 0
10.2751590895 153.047570742 0
10.2751590895 153.047570742 0
-49.7248409105 198.047570742 0
-49.2853262525 197.899685454 0
-29.7853262525 182.649685454 0
-10.2853262525 167.399685454 0
9.21467374754 152.149685454 0
9.21467374754 152.149685454 0
9.21467374754 152.149685454 0
-48.8336197828 197.742460513 0
-29.8336197828 182.242460513 0
-10.8336197828 166.742460513 0
8.1663802172 151.242460513 0
8.1663802172 151.242460513 0
8.1663802172 151.242460513 0
-48.3696798859 197.57546177 0
-29.8696798859 181.82546177 0
-11.3696798859 166.07546177 0
7.13032011406 150.32546177 0
7.13032011406 150.32546177 0
-48.3696798859 197.57546177 0
-47.8934853478 197.398247826 0
-29.8934853478 181.398247826 0
-11.8934853478 165.398247826 0
6.10651465218 149.398247826 0
6.10651465218 149.398247826 0
-47.8934853478 197.398247826 0
-47.4050367389 197.210371479 0
-29.9050367389 180.960371479 0
-12.4050367389 164.710371479 0
5.09496326111 148.460371479 0
5.09496326111 148.460371479 0
-47.4050367389 197.210371479 0
-46.9043577269 197.011381348 0
-29.9043577269 180.511381348 0
-12.9043577269 164.011381348 0
4.09564227311 147.511381348 0
4.09564227311 147.511381348 0
-46.9043577269 197.011381348 0
-46.3914962944 196.800823671 0
-29.8914962944 180.050823671 0
-13.3914962944 163.300823671 0
3.10850370562 146.550823671 0
3.10850370562 146.550823671 0
-46.3914962944 196.800823671 0
-45.8665258352 196.578244269 0
-29.8665258352 179.578244269 0
-13.8665258352 162.578244269 0
2.13347416478 145.578244269 0
2.13347416478 145.578244269 0
-45.8665258352 196.578244269 0
-45.3295461032 196.343190664 0
-29.8295461032 179.093190664 0
-14.3295461032 161.843190664 0
1.17045389684 144.593190664 0
1.17045389684 144.593190664 0
-45.3295461032 196.343190664 0
-44.7806839867 196.095214342 0
-29.7806839867 178.595214342 0
-14.7806839867 161.095214342 0
0.219316013259 143.595214342 0
-44.7806839867 196.095214342 0
-44.7806839867 196.095214342 0
-44.2200940848 195.833873132 0
-29.7200940848 178.083873132 0
-15.2200940848 160.333873132 0
-0.720094084752 142.583873132 0
-0.720094084752 142.583873132 0
-44.2200940848 195.833873132 0
-43.6479590591 195.558733683 0
-29.6479590591 177.558733683 0
-15.6479590591 159.558733683 0
-1.64795905915 141.558733683 0
-1.64795905915 141.558733683 0
-43.6479590591 195.558733683 0
-43.0644897444 195.269374 0
-29.5644897444 177.019374 0
-16.0644897444 158.769374 0
-2.56448974443 140.519374 0
-2.56448974443 140.519374 0
-43.0644897444 195.269374 0
-42.4699249964 194.965386027 0
-29.4699249964 176.465386027 0
-16.4699249964 157.965386027 0
-3.46992499642 139.465386027 0
-3.46992499642 139.465386027 0
-42.4699249964 194.965386027 0
-41.8645312676 194.646378217 0
-29.3645312676 175.896378217 0
-16.8645312676 157.146378217 0
-4.36453126757 138.396378217 0
-4.36453126757 138.396378217 0
-41.8645312676 194.646378217 0
-41.2486019011 194.311978063 0
-41.2486019011 194.311978063 0
-41.2486019011 194.311978063 0
-5.24860190115 137.311978063 0
-41.2486019011 194.311978063 0
-41.2486019011 194.311978063 0
-40.6220153339 193.961136606 0
-29.1220153339 174.711136606 0
-17.6220153339 155.461136606 0
-6.12201533386 136.211136606 0
-17.6220153339 155.461136606 0
-40.6220153339 193.961136606 0
-39.9846902441 193.592814907 0
-28.9846902441 174.092814907 0
-17.9846902441 154.592814907 0
-6.98469024407 135.092814907 0
-17.9846902441 154.592814907 0
-39.9846902441 193.592814907 0
-39.3370258011 193.206685352 0
-28.8370258011 173.456685352 0
-18.3370258011 153.706685352 0
-7.83702580109 133.956685352 0
-18.3370258011 153.706685352 0
-39.3370258011 193.206685352 0
-38.6794443552 192.802450748 0
-28.6794443552 172.802450748 0
-18.6794443552 152.802450748 0
-8.67944435524 132.802450748 0
-18.6794443552 152.802450748 0
-38.6794443552 192.802450748 0
-38.0123892457 192.379846215 0
-28.5123892457 172.129846215 0
-19.0123892457 151.879846215 0
-9.5123892457 131.629846215 0
-19.0123892457 151.879846215 0
-38.0123892457 192.379846215 0
-37.3363223912 191.938640793 0
-28.3363223912 171.438640793 0
-19.3363223912 150.938640793 0
-10.3363223912 130.438640793 0
-19.3363223912 150.938640793 0
-37.3363223912 191.938640793 0
-36.6517216991 191.47863874 0
-28.1517216991 170.72863874 0
-19.6517216991 149.97863874 0
-11.1517216991 129.22863874 0
-19.6517216991 149.97863874 0
-36.6517216991 191.47863874 0
-35.9590783344 190.999680491 0
-27.9590783344 169.999680491 0
-19.9590783344 148.999680491 0
-11.9590783344 127.999680491 0
-19.9590783344 148.999680491 0
-35.9590783344 190.999680491 0
-35.2588938897 190.501643279 0
-27.7588938897 169.251643279 0
-20.2588938897 148.001643279 0
-12.7588938897 126.751643279 0
-20.2588938897 148.001643279 0
-35.2588938897 190.501643279 0
-34.5516775031 189.984441402 0
-27.5516775031 168.484441402 0
-20.5516775031 146.984441402 0
-13.5516775031 125.484441402 0
-20.5516775031 146.984441402 0
-34.5516775031 189.984441402 0
-33.8379429667 189.448026142 0
-27.3379429667 167.698026142 0
-20.8379429667 145.948026142 0
-14.3379429667 124.198026142 0
-20.8379429667 145.948026142 0
-33.8379429667 189.448026142 0
-33.1182058714 188.892385348 0
-27.1182058714 166.892385348 0
-21.1182058714 144.892385348 0
-15.1182058714 122.892385348 0
-21.1182058714 144.892385348 0
-33.1182058714 188.892385348 0
-32.3927698912 188.316769262 0
-26.8927698912 166.066769262 0
-21.3927698912 143.816769262 0
-15.8927698912 121.566769262 0
-21.3927698912 143.816769262 0
-32.3927698912 188.316769262 0
-31.6619555589 187.720465962 0
-26.6619555589 165.220465962 0
-21.6619555589 142.720465962 0
-16.6619555589 120.220465962 0
-21.6619555589 142.720465962 0
-21.6619555589 142.720465962 0
-30.9263083896 187.103574804 0
-26.4263083896 164.353574804 0
-21.9263083896 141.603574804 0
-17.4263083896 118.853574804 0
-21.9263083896 141.603574804 0
-30.9263083896 187.103574804 0
-30.1863647114 186.466229649 0
-30.1863647114 186.466229649 0
-30.1863647114 186.466229649 0
-18.1863647114 117.466229649 0
-30.1863647114 186.466229649 0
-30.1863647114 186.466229649 0
-29.4426493533 185.808596968 0
-25.9426493533 162.558596968 0
-22.4426493533 139.308596968 0
-18.9426493533 116.058596968 0
-22.4426493533 139.308596968 0
-29.4426493533 185.808596968 0
-28.6956735655 185.130873761 0
-25.6956735655 161.630873761 0
-22.6956735655 138.130873761 0
-19.6956735655 114.630873761 0
-22.6956735655 138.130873761 0
-28.6956735655 185.130873761 0
-27.9459331877 184.43328534 0
-25.4459331877 160.68328534 0
-22.9459331877 136.93328534 0
-20.4459331877 113.18328534 0
-22.9459331877 136.93328534 0
-27.9459331877 184.43328534 0
-27.1939070703 183.716083005 0
-25.1939070703 159.716083005 0
-23.1939070703 135.716083005 0
-21.1939070703 111.716083005 0
-23.1939070703 135.716083005 0
-27.1939070703 183.716083005 0
-26.4400557494 182.979541658 0
-24.9400557494 158.729541658 0
-23.4400557494 134.479541658 0
-21.9400557494 110.229541658 0
-26.4400557494 182.979541658 0
-23.4400557494 134.479541658 0
-25.6848203733 182.223957384 0
-24.6848203733 157.723957384 0
-23.6848203733 133.223957384 0
-22.6848203733 108.723957384 0
-23.6848203733 133.223957384 0
-25.6848203733 182.223957384 0
-24.9286218708 181.449645043 0
-24.4286218708 156.699645043 0
-23.9286218708 131.949645043 0
-23.4286218708 107.199645043 0
-23.9286218708 131.949645043 0
-24.9286218708 181.449645043 0
-24.1718603504 180.656935886 0
-24.1718603504 155.656935886 0
-24.1718603504 130.656935886 0
-24.1718603504 105.656935886 0
-24.1718603504 130.656935886 0
-24.1718603504 180.656935886 0
-23.4149147149 179.846175234 0
-23.9149147149 154.596175234 0
-24.4149147149 129.346175234 0
-24.9149147149 104.096175234 0
-23.4149147149 179.846175234 0
-24.4149147149 129.346175234 0
-22.6581424763 179.017720244 0
-23.6581424763 153.517720244 0
-24.6581424763 128.017720244 0
-25.6581424763 102.517720244 0
-24.6581424763 128.017720244 0
-22.6581424763 179.017720244 0
-21.9018797503 178.171937759 0
-23.4018797503 152.421937759 0
-24.9018797503 126.671937759 0
-26.4018797503 100.921937759 0
-21.9018797503 178.171937759 0
-24.9018797503 126.671937759 0
-21.146441414 177.309202286 0
-23.146441414 151.309202286 0
-25.146441414 125.309202286 0
-27.146441414 99.3092022861 0
-21.146441414 177.309202286 0
-25.146441414 125.309202286 0
-20.3921214047 176.429894088 0
-22.8921214047 150.179894088 0
-25.3921214047 123.929894088 0
-27.8921214047 97.6798940877 0
-25.3921214047 123.929894088 0
-25.3921214047 123.929894088 0
-19.6391931429 175.534397408 0
-22.6391931429 149.034397408 0
-25.6391931429 122.534397408 0
-28.6391931429 96.0343974084 0
-25.6391931429 122.534397408 0
-19.6391931429 175.534397408 0
-18.8879100587 174.623098836 0
-22.3879100587 147.873098836 0
-25.8879100587 121.123098836 0
-29.3879100587 94.3730988358 0
-25.8879100587 121.123098836 0
-18.8879100587 174.623098836 0
-18.1385062061 173.696385799 0
-22.1385062061 146.696385799 0
-26.1385062061 119.696385799 0
-30.1385062061 92.6963857988 0
-26.1385062061 119.696385799 0
-18.1385062061 173.696385799 0
-17.3911969459 172.754645202 0
-21.8911969459 145.504645202 0
-26.3911969459 118.254645202 0
-17.3911969459 172.754645202 0
-26.3911969459 118.254645202 0
-17.3911969459 172.754645202 0
-16.6461796841 171.798262195 0
-21.6461796841 144.298262195 0
-26.6461796841 116.798262195 0
-31.6461796841 89.2982621954 0
-26.6461796841 116.798262195 0
-16.6461796841 171.798262195 0
-15.9036346501 170.827619073 0
-21.4036346501 143.077619073 0
-26.9036346501 115.327619073 0
-32.4036346501 87.5776190731 0
-26.9036346501 115.327619073 0
-15.9036346501 170.827619073 0
-15.1637257026 169.843094298 0
-21.1637257026 141.843094298 0
-27.1637257026 113.843094298 0
-33.1637257026 85.8430942984 0
-27.1637257026 113.843094298 0
-15.1637257026 169.843094298 0
-14.4266011529 168.845061648 0
-20.9266011529 140.595061648 0
-27.4266011529 112.345061648 0
-33.9266011529 84.0950616476 0
-27.4266011529 112.345061648 0
-14.4266011529 168.845061648 0
-13.6923945938 167.833889465 0
-20.6923945938 139.333889465 0
-27.6923945938 110.833889465 0
-34.6923945938 82.3338894653 0
-27.6923945938 110.833889465 0
-13.6923945938 167.833889465 0
-12.9612257278 166.809940026 0
-20.4612257278 138.059940026 0
-27.9612257278 109.309940026 0
-35.4612257278 80.5599400257 0
-27.9612257278 109.309940026 0
-12.9612257278 166.809940026 0
-12.2332011855 165.773568991 0
-20.2332011855 136.773568991 0
-28.2332011855 107.773568991 0
-36.2332011855 78.7735689909 0
-28.2332011855 107.773568991 0
-28.2332011855 107.773568991 0
-11.5084153301 164.725124959 0
-20.0084153301 135.475124959 0
-28.5084153301 106.225124959 0
-37.0084153301 76.9751249587 0
-28.5084153301 106.225124959 0
-11.5084153301 164.725124959 0
-10.7869510409 163.664949093 0
-19.7869510409 134.164949093 0
-28.7869510409 104.664949093 0
-37.7869510409 75.1649490934 0
-28.7869510409 104.664949093 0
-10.7869510409 163.664949093 0
-10.0688804745 162.593374831 0
-19.5688804745 132.843374831 0
-29.0688804745 103.093374831 0
-38.5688804745 73.3433748308 0
-29.0688804745 103.093374831 0
-10.0688804745 162.593374831 0
-9.35426579718 161.510727651 0
-19.3542657972 131.510727651 0
-29.3542657972 101.510727651 0
-39.3542657972 71.510727651 0
-29.3542657972 101.510727651 0
-9.35426579718 161.510727651 0
-8.6431598902 160.417324913 0
-19.1431598902 130.167324913 0
-29.6431598902 99.9173249126 0
-40.1431598902 69.6673249126 0
-29.6431598902 99.9173249126 0
-8.6431598902 160.417324913 0
-7.93560702268 159.313475741 0
-18.9356070227 128.813475741 0
-29.9356070227 98.3134757406 0
-40.9356070227 67.8134757406 0
-29.9356070227 98.3134757406 0
-7.93560702268 159.313475741 0
-7.23164349338 158.199480963 0
-18.7316434934 127.449480963 0
-30.2316434934 96.6994809628 0
-41.7316434934 65.9494809628 0
-30.2316434934 96.6994809628 0
-30.2316434934 96.6994809628 0
-6.53129823987 157.075633089 0
-18.5312982399 126.075633089 0
-30.5312982399 95.0756330893 0
-42.5312982399 64.0756330893 0
-30.5312982399 95.0756330893 0
-30.5312982399 95.0756330893 0
-5.83459341508 155.942216328 0
-18.3345934151 124.692216328 0
-30.8345934151 93.4422163284 0
-43.3345934151 62.1922163284 0
-30.8345934151 93.4422163284 0
-5.83459341508 155.942216328 0
-5.14154493152 154.799506636 0
-18.1415449315 123.299506636 0
-31.1415449315 91.7995066361 0
-44.1415449315 60.2995066361 0
-31.1415449315 91.7995066361 0
-5.14154493152 154.799506636 0
-4.45216297364 153.647771793 0
-17.9521629736 121.897771793 0
-31.4521629736 90.147771793 0
-44.9521629736 58.397771793 0
-31.4521629736 90.147771793 0
-4.45216297364 153.647771793 0
-3.76645247904 152.487271505 0
-17.766452479 120.487271505 0
-31.766452479 88.4872715053 0
-45.766452479 56.4872715053 0
-31.766452479 88.4872715053 0
-3.76645247904 152.487271505 0
-3.0844135894 151.318257527 0
-17.5844135894 119.068257527 0
-32.0844135894 86.8182575268 0
-46.5844135894 54.5682575268 0
-32.0844135894 86.8182575268 0
-3.0844135894 151.318257527 0
-2.40604207224 150.140973797 0
-17.4060420722 117.640973797 0
-32.4060420722 85.140973797 0
-47.4060420722 52.640973797 0
-32.4060420722 85.140973797 0
-2.40604207224 150.140973797 0
-1.73132971468 148.955656595 0
-17.2313297147 116.205656595 0
-32.7313297147 83.4556565946 0
-48.2313297147 50.7056565946 0
-32.7313297147 83.4556565946 0
-1.73132971468 148.955656595 0
-1.06026469029 147.762534702 0
-17.0602646903 114.762534702 0
-33.0602646903 81.7625347015 0
-49.0602646903 48.7625347015 0
-33.0602646903 81.7625347015 0
-1.06026469029 147.762534702 0
-0.392831900453 146.561829577 0
-16.8928319005 113.311829577 0
-33.3928319005 80.0618295767 0
-49.8928319005 46.8118295767 0
-33.3928319005 80.0618295767 0
-0.392831900453 146.561829577 0
0.270986708551 145.353755537 0
-16.7290132914 111.853755537 0
-33.7290132914 78.3537555366 0
-50.7290132914 44.8537555366 0
-33.7290132914 78.3537555366 0
0.270986708551 145.353755537 0
0.931211851459 144.138519941 0
-16.5687881485 110.388519941 0
-34.0687881485 76.6385199414 0
-51.5687881485 42.8885199414 0
-34.0687881485 76.6385199414 0
0.931211851459 144.138519941 0
1.58786663159 142.916323384 0
-16.4121333684 108.916323384 0
-34.4121333684 74.9163233843 0
-52.4121333684 40.9163233843 0
-34.4121333684 74.9163233843 0
1.58786663159 142.916323384 0
2.24097628885 141.687359884 0
-16.2590237111 107.437359884 0
-34.7590237111 73.1873598839 0
-53.2590237111 38.9373598839 0
-34.7590237111 73.1873598839 0
2.24097628885 141.687359884 0
2.8905679669 140.451817077 0
-16.1094320331 105.951817077 0
-35.1094320331 71.4518170767 0
-54.1094320331 36.9518170767 0
-35.1094320331 71.4518170767 0
2.8905679669 140.451817077 0
3.53667049829 139.20987641 0
-15.9633295017 104.45987641 0
-35.4633295017 69.70987641 0
-54.9633295017 34.95987641 0
-35.4633295017 69.70987641 0
-35.4633295017 69.70987641 0
4.1793142065 137.961713334 0
-15.8206857935 102.961713334 0
-35.8206857935 67.9617133342 0
-55.8206857935 32.9617133342 0
-35.8206857935 67.9617133342 0
4.1793142065 137.961713334 0
4.81865800237 136.70772023 0
-15.6813419976 101.45772023 0
-36.1813419976 66.2077202305 0
-56.6813419976 30.9577202305 0
-36.1813419976 66.2077202305 0
4.81865800237 136.70772023 0
5.45486069506 135.448277844 0
-15.5451393049 99.948277844 0
-36.5451393049 64.448277844 0
-57.5451393049 28.948277844 0
-36.5451393049 64.448277844 0
5.45486069506 135.448277844 0
6.08795352536 134.18353293 0
-15.4120464746 98.4335329303 0
-36.9120464746 62.6835329303 0
-58.4120464746 26.9335329303 0
-36.9120464746 62.6835329303 0
6.08795352536 134.18353293 0
6.71796851674 132.913627385 0
-15.2820314833 96.9136273848 0
-37.2820314833 60.9136273848 0
-59.2820314833 24.9136273848 0
-37.2820314833 60.9136273848 0
-59.2820314833 24.9136273848 0
7.34493835565 131.638698407 0
-15.1550616443 95.3886984074 0
-37.6550616443 59.1386984074 0
-60.1550616443 22.8886984074 0
-37.6550616443 59.1386984074 0
7.34493835565 131.638698407 0
7.96889628188 130.358878663 0
-15.0311037181 93.8588786633 0
-38.0311037181 57.3588786633 0
-61.0311037181 20.8588786633 0
-38.0311037181 57.3588786633 0
7.96889628188 130.358878663 0
8.58987598831 129.07429644 0
-14.9101240117 92.3242964405 0
-38.4101240117 55.5742964405 0
-61.9101240117 18.8242964405 0
-38.4101240117 55.5742964405 0
-61.9101240117 18.8242964405 0
9.2079115295 127.785075802 0
-14.7920884705 90.785075802 0
-38.7920884705 53.785075802 0
-62.7920884705 16.785075802 0
-38.7920884705 53.785075802 0
9.2079115295 127.785075802 0
9.82303723817 126.491336735 0
-14.6769627618 89.2413367354 0
-39.1769627618 51.9913367354 0
-63.6769627618 14.7413367354 0
-39.1769627618 51.9913367354 0
-63.6769627618 14.7413367354 0
10.4352876493 125.193195297 0
-14.5647123507 87.6931952966 0
-39.5647123507 50.1931952966 0
-64.5647123507 12.6931952966 0
-39.5647123507 50.1931952966 0
10.4352876493 125.193195297 0
11.0446974309 123.89076375 0
-14.4553025691 86.1407637504 0
-39.9553025691 48.3907637504 0
-65.4553025691 10.6407637504 0
-39.9553025691 48.3907637504 0
11.0446974309 123.89076375 0
11.6513013215 122.584150706 0
-14.3486986785 84.5841507061 0
-40.3486986785 46.5841507061 0
-66.3486986785 8.58415070607 0
-40.3486986785 46.5841507061 0
11.6513013215 122.584150706 0
12.2550230341 121.273298961 0
-14.2449769659 83.0232989609 0
-40.7449769659 44.7732989609 0
-67.2449769659 6.52329896094 0
-40.7449769659 44.7732989609 0
12.2550230341 121.273298961 0
12.8557876425 119.958151948 0
-14.1442123575 81.4581519484 0
-41.1442123575 42.9581519484 0
-68.1442123575 4.45815194836 0
12.8557876425 119.958151948 0
12.8557876425 119.958151948 0
13.4536325689 118.638816019 0
-14.0463674311 79.8888160187 0
-41.5463674311 41.1388160187 0
-69.0463674311 2.38881601865 0
-41.5463674311 41.1388160187 0
13.4536325689 118.638816019 0
14.0485950995 117.315394112 0
-13.9514049005 78.3153941119 0
-41.9514049005 39.3153941119 0
-69.9514049005 0.315394111905 0
-41.9514049005 39.3153941119 0
14.0485950995 117.315394112 0
14.640712343 115.987985882 0
-13.859287657 76.7379858817 0
-42.359287657 37.4879858817 0
-70.859287657 -1.76201411834 0
-42.359287657 37.4879858817 0
14.640712343 115.987985882 0
15.2300211945 114.656687814 0
-13.7699788055 75.1566878142 0
-42.7699788055 35.6566878142 0
-71.7699788055 -3.84331218582 0
-42.7699788055 35.6566878142 0
-42.7699788055 35.6566878142 0
15.816558303 113.321593343 0
-13.683441697 73.5715933434 0
-43.183441697 33.8215933434 0
-72.683441697 -5.92840665657 0
-43.183441697 33.8215933434 0
15.816558303 113.321593343 0
16.4003600417 111.982792962 0
-13.5996399583 71.9827929618 0
-43.5996399583 31.9827929618 0
-73.5996399583 -8.01720703817 0
-43.5996399583 31.9827929618 0
-43.5996399583 31.9827929618 0
16.9814624828 110.640374327 0
-13.5185375172 70.390374327 0
-44.0185375172 30.140374327 0
-74.5185375172 -10.109625673 0
-44.0185375172 30.140374327 0
16.9814624828 110.640374327 0
17.5599013741 109.294422365 0
-13.4400986259 68.7944223646 0
-44.4400986259 28.2944223646 0
-75.4400986259 -12.2055776354 0
-44.4400986259 28.2944223646 0
17.5599013741 109.294422365 0
18.135712119 107.945019367 0
-13.364287881 67.195019367 0
-44.864287881 26.445019367 0
-76.364287881 -14.304980633 0
-44.864287881 26.445019367 0
18.135712119 107.945019367 0
18.708929759 106.592245089 0
-13.291070241 65.5922450886 0
-45.291070241 24.5922450886 0
-77.291070241 -16.4077549114 0
-45.291070241 24.5922450886 0
-45.291070241 24.5922450886 0
19.279588958 105.236176838 0
-13.220411042 63.9861768376 0
-45.720411042 22.7361768376 0
-78.220411042 -18.5138231624 0
-45.720411042 22.7361768376 0
19.279588958 105.236176838 0
19.8477239893 103.876889564 0
-13.1522760107 62.3768895636 0
-46.1522760107 20.8768895636 0
-79.1522760107 -20.6231104364 0
-46.1522760107 20.8768895636 0
19.8477239893 103.876889564 0
20.4133687241 102.514455943 0
-13.0866312759 60.7644559427 0
-46.5866312759 19.0144559427 0
-80.0866312759 -22.7355440573 0
-46.5866312759 19.0144559427 0
20.4133687241 102.514455943 0
20.9765566218 101.148946459 0
-13.0234433782 59.1489464589 0
-47.0234433782 17.1489464589 0
-81.0234433782 -24.8510535411 0
-47.0234433782 17.1489464589 0
20.9765566218 101.148946459 0
21.537320722 99.7804294821 0
-12.962679278 57.5304294821 0
-47.462679278 15.2804294821 0
-81.962679278 -26.9695705179 0
-47.462679278 15.2804294821 0
-47.462679278 15.2804294821 0
22.0956936379 98.408971344 0
-12.9043063621 55.908971344 0
-47.9043063621 13.408971344 0
-82.9043063621 -29.091028656 0
-47.9043063621 13.408971344 0
22.0956936379 98.408971344 0
22.6517075512 97.0346364099 0
22.6517075512 97.0346364099 0
-12.8482924488 54.2846364099 0
-12.8482924488 54.2846364099 0
-48.3482924488 11.5346364099 0
22.6517075512 97.0346364099 0
23.2043764608 95.6562615515 0
-12.7956235392 52.6562615515 0
-12.7956235392 52.6562615515 0
-12.7956235392 52.6562615515 0
23.2043764608 95.6562615515 0
-48.7956235392 9.65626155153 0
23.7527276144 94.2727081149 0
-12.7472723856 51.0227081149 0
-12.7472723856 51.0227081149 0
-12.7472723856 51.0227081149 0
-49.2472723856 7.7727081149 0
23.7527276144 94.2727081149 0
24.2968190595 92.8840868172 0
-12.7031809405 49.3840868172 0
-12.7031809405 49.3840868172 0
-12.7031809405 49.3840868172 0
-49.7031809405 5.88408681717 0
-49.7031809405 5.88408681717 0
24.8367080126 91.4905051716 0
-12.6632919874 47.7405051716 0
-12.6632919874 47.7405051716 0
-12.6632919874 47.7405051716 0
-50.1632919874 3.99050517161 0
24.8367080126 91.4905051716 0
25.3724508589 90.0920675992 0
-12.6275491411 46.0920675992 0
-12.6275491411 46.0920675992 0
-12.6275491411 46.0920675992 0
-50.6275491411 2.09206759922 0
25.3724508589 90.0920675992 0
25.9041031529 88.688875536 0
-12.5958968471 44.438875536 0
-12.5958968471 44.438875536 0
-12.5958968471 44.438875536 0
-51.0958968471 0.188875536037 0
25.9041031529 88.688875536 0
26.431719621 87.2810275363 0
-12.568280379 42.7810275363 0
-12.568280379 42.7810275363 0
-12.568280379 42.7810275363 0
-51.568280379 -1.71897246366 0
26.431719621 87.2810275363 0
26.9553541639 85.8686193719 0
-12.5446458361 41.1186193719 0
-12.5446458361 41.1186193719 0
-12.5446458361 41.1186193719 0
-52.0446458361 -3.63138062815 0
26.9553541639 85.8686193719 0
27.4750598615 84.4517441271 0
-12.5249401385 39.4517441271 0
-12.5249401385 39.4517441271 0
-12.5249401385 39.4517441271 0
-52.5249401385 -5.54825587289 0
27.4750598615 84.4517441271 0
27.9908889777 83.0304922911 0
-12.5091110223 37.7804922911 0
-12.5091110223 37.7804922911 0
-12.5091110223 37.7804922911 0
-53.0091110223 -7.4695077089 0
-53.0091110223 -7.4695077089 0
28.5028929662 81.6049518454 0
-12.4971070338 36.1049518454 0
-12.4971070338 36.1049518454 0
-12.4971070338 36.1049518454 0
-53.4971070338 -9.39504815455 0
28.5028929662 81.6049518454 0
29.0111224774 80.1752083492 0
-12.4888775226 34.4252083492 0
-12.4888775226 34.4252083492 0
-12.4888775226 34.4252083492 0
-53.9888775226 -11.3247916508 0
29.0111224774 80.1752083492 0
29.5156273654 78.7413450201 0
-12.4843726346 32.7413450201 0
-12.4843726346 32.7413450201 0
-12.4843726346 32.7413450201 0
29.5156273654 78.7413450201 0
-54.4843726346 -13.2586549799 0
30.016456696 77.3034428135 0
-12.483543304 31.0534428135 0
-12.483543304 31.0534428135 0
-12.483543304 31.0534428135 0
-54.983543304 -15.1965571865 0
30.016456696 77.3034428135 0
30.5136587546 75.8615804972 0
-12.4863412454 29.3615804972 0
-12.4863412454 29.3615804972 0
-12.4863412454 29.3615804972 0
-55.4863412454 -17.1384195028 0
-55.4863412454 -17.1384195028 0
31.0072810554 74.4158347243 0
-12.4927189446 27.6658347243 0
-12.4927189446 27.6658347243 0
-12.4927189446 27.6658347243 0
-55.9927189446 -19.0841652757 0
31.0072810554 74.4158347243 0
31.4973703504 72.9662801028 0
-12.5026296496 25.9662801028 0
-12.5026296496 25.9662801028 0
-12.5026296496 25.9662801028 0
-56.5026296496 -21.0337198972 0
31.4973703504 72.9662801028 0
31.9839726385 71.5129892628 0
-12.5160273615 24.2629892628 0
-12.5160273615 24.2629892628 0
-12.5160273615 24.2629892628 0
-57.0160273615 -22.9870107372 0
31.9839726385 71.5129892628 0
32.4671331754 70.0560329215 0
-12.5328668246 22.5560329215 0
-12.5328668246 22.5560329215 0
-12.5328668246 22.5560329215 0
-57.5328668246 -24.9439670785 0
32.4671331754 70.0560329215 0
32.9468964837 68.5954799445 0
-12.5531035163 20.8454799445 0
-12.5531035163 20.8454799445 0
-12.5531035163 20.8454799445 0
-58.0531035163 -26.9045200555 0
32.9468964837 68.5954799445 0
33.4233063625 67.1313974065 0
-12.5766936375 19.1313974065 0
-12.5766936375 19.1313974065 0
-12.5766936375 19.1313974065 0
-58.5766936375 -28.8686025935 0
33.4233063625 67.1313974065 0
33.8964058982 65.6638506485 0
-12.6035941018 17.4138506485 0
-12.6035941018 17.4138506485 0
-12.6035941018 17.4138506485 0
-59.1035941018 -30.8361493515 0
33.8964058982 65.6638506485 0
34.3662374747 64.1929033334 0
-12.6337625253 15.6929033334 0
-12.6337625253 15.6929033334 0
-12.6337625253 15.6929033334 0
-59.6337625253 -32.8070966666 0
34.3662374747 64.1929033334 0
34.8324993272 62.7182630815 0
-12.6675006728 13.9682630815 0
-12.6675006728 13.9682630815 0
-12.6675006728 13.9682630815 0
-60.1675006728 -34.7817369185 0
34.8324993272 62.7182630815 0
35.2948933673 61.2396423354 0
-12.7051066327 12.2396423354 0
-12.7051066327 12.2396423354 0
-12.7051066327 12.2396423354 0
-60.7051066327 -36.7603576646 0
35.2948933673 61.2396423354 0
35.7534685783 59.7571126663 0
-12.7465314217 10.5071126663 0
-12.7465314217 10.5071126663 0
-12.7465314217 10.5071126663 0
-61.2465314217 -38.7428873337 0
35.7534685783 59.7571126663 0
36.2082731418 58.2707438536 0
-12.7917268582 8.77074385358 0
-12.7917268582 8.77074385358 0
-12.7917268582 8.77074385358 0
-61.7917268582 -40.7292561464 0
36.2082731418 58.2707438536 0
36.6593544504 56.7806039399 0
-12.8406455496 7.03060393993 0
-12.8406455496 7.03060393993 0
-12.8406455496 7.03060393993 0
-62.3406455496 -42.7193960601 0
36.6593544504 56.7806039399 0
